11
10.9998
10.999
10.9978
10.9961
10.994
10.9913
10.9882
10.9846
10.9805
10.9759
10.9708
10.9653
10.9593
10.9528
10.9458
10.9383
10.9304
10.922
10.9131
10.9037
10.8939
10.8836
10.8728
10.8616
10.8498
10.8376
10.825
10.8118
10.7982
10.7841
10.7696
10.7546
10.7391
10.7232
10.7068
10.69
10.6726
10.6549
10.6367
10.618
10.5989
10.5793
10.5593
10.5388
10.5179
10.4965
10.4747
10.4524
10.4297
10.4066
10.383
10.359
10.3346
10.3097
10.2844
10.2587
10.2326
10.206
10.179
10.1516
10.1238
10.0955
10.0669
10.0378
10.0084
9.97848
9.9482
9.91752
9.88644
9.85497
9.8231
9.79085
9.7582
9.72517
9.69175
9.65795
9.62378
9.58923
9.5543
9.51901
9.48334
9.44732
9.41093
9.37418
9.33707
9.29961
9.2618
9.22364
9.18514
9.14629
9.10711
9.06759
9.02773
8.98755
8.94704
8.9062
8.86504
8.82357
8.78178
8.73968
8.69727
8.65456
8.61155
8.56824
8.52463
8.48073
8.43654
8.39207
8.34731
8.30228
8.25697
8.21139
8.16555
8.11943
8.07306
8.02643
7.97955
7.93241
7.88503
7.83741
7.78954
7.74144
7.69311
7.64454
7.59576
7.54675
7.49752
7.44808
7.39842
7.34856
7.2985
7.24824
7.19778
7.14713
7.0963
7.04527
6.99407
6.94269
6.89114
6.83942
6.78753
6.73548
6.68328
6.63092
6.57841
6.52576
6.47296
6.42002
6.36695
6.31375
6.26043
6.20698
6.15341
6.09973
6.04593
5.99203
5.93803
5.88393
5.82973
5.77544
5.72106
5.6666
5.61207
5.55745
5.50277
5.44801
5.3932
5.33832
5.28339
5.22841
5.17337
5.1183
5.06319
5.00803
4.95285
4.89764
4.84241
4.78715
4.73188
4.6766
4.62131
4.56601
4.51071
4.45542
4.40013
4.34486
4.2896
4.23436
4.17914
4.12395
4.06878
4.01366
3.95857
3.90352
3.84852
3.79357
3.73867
3.68383
3.62905
3.57433
3.51968
3.46511
3.41061
3.35619
3.30185
3.2476
3.19345
3.13938
3.08542
3.03155
2.97779
2.92414
2.8706
2.81718
2.76388
2.7107
2.65765
2.60473
2.55194
2.49929
2.44678
2.39441
2.34219
2.29012
2.23821
2.18645
2.13486
2.08342
2.03216
1.98107
1.93015
1.87941
1.82885
1.77847
1.72829
1.67829
1.62848
1.57887
1.52946
1.48026
1.43126
1.38247
1.33389
1.28552
1.23737
1.18945
1.14174
1.09427
1.04702
1
0.953222
0.906679
0.860377
0.814319
0.768506
0.722941
0.677629
0.63257
0.587767
0.543224
0.498942
0.454925
0.411174
0.367692
0.324482
0.281546
0.238887
0.196506
0.154406
0.112589
0.0710583
0.0298152
0.0111378
0.0517986
0.0921651
0.132235
0.172006
0.211477
0.250645
0.289509
0.328065
0.366314
0.404251
0.441877
0.479188
0.516183
0.552861
0.589219
0.625255
0.660969
0.696358
0.731421
0.766156
0.800562
0.834637
0.86838
0.901789
0.934862
0.967599
0.999998
1.03206
1.06378
1.09515
1.12619
1.15688
1.18722
1.21722
1.24687
1.27617
1.30512
1.33372
1.36197
1.38986
1.41741
1.44459
1.47143
1.4979
1.52402
1.54978
1.57519
1.60023
1.62492
1.64924
1.6732
1.69681
1.72005
1.74293
1.76544
1.78759
1.80938
1.83081
1.85187
1.87257
1.8929
1.91287
1.93247
1.95171
1.97058
1.98908
2.00723
2.025
2.04241
2.05946
2.07614
2.09246
2.10841
2.12399
2.13922
2.15407
2.16857
2.1827
2.19647
2.20987
2.22292
2.2356
2.24792
2.25988
2.27147
2.28271
2.29359
2.30411
2.31428
2.32408
2.33353
2.34263
2.35137
2.35976
2.36779
2.37547
2.3828
2.38978
2.39641
2.40269
2.40862
2.41421
2.41946
2.42436
2.42891
2.43313
2.437
2.44054
2.44373
2.4466
2.44912
2.45131
2.45317
2.4547
2.4559
2.45677
2.45731
2.45753
2.45743
2.457
2.45625
2.45518
2.4538
2.4521
2.45009
2.44776
2.44513
2.44218
2.43893
2.43537
2.43151
2.42735
2.42289
2.41813
2.41308
2.40773
2.40209
2.39616
2.38995
2.38345
2.37666
2.3696
2.36225
2.35463
2.34673
2.33856
2.33012
2.32141
2.31243
2.30319
2.29369
2.28393
2.27391
2.26363
2.25311
2.24233
2.23131
2.22004
2.20853
2.19677
2.18478
2.17256
2.1601
2.14741
2.13449
2.12135
2.10798
2.09439
2.08059
2.06657
2.05233
2.03789
2.02324
2.00838
1.99333
1.97807
1.96261
1.94696
1.93112
1.91509
1.89887
1.88247
1.86589
1.84914
1.8322
1.81509
1.79782
1.78037
1.76277
1.745
1.72707
1.70899
1.69075
1.67236
1.65383
1.63515
1.61633
1.59737
1.57827
1.55904
1.53968
1.5202
1.50059
1.48085
1.461
1.44103
1.42095
1.40076
1.38046
1.36006
1.33955
1.31895
1.29825
1.27745
1.25657
1.2356
1.21455
1.19341
1.1722
1.15091
1.12954
1.10811
1.08661
1.06505
1.04342
1.02174
1
0.978211
0.95637
0.934482
0.912549
0.890576
0.868564
0.846517
0.824437
0.802327
0.78019
0.758029
0.735846
0.713645
0.691428
0.669198
0.646958
0.62471
0.602458
0.580203
0.55795
0.5357
0.513456
0.491221
0.468998
0.446789
0.424597
0.402425
0.380276
0.358151
0.336055
0.313988
0.291955
0.269957
0.247998
0.226079
0.204204
0.182374
0.160593
0.138863
0.117187
0.0955663
0.0740044
0.0525034
0.0310659
0.00969434
0.0116089
0.0328414
0.0540008
0.0750846
0.0960905
0.117016
0.137859
0.158617
0.179288
0.19987
0.220359
0.240755
0.261054
0.281255
0.301355
0.321353
0.341245
0.36103
0.380706
0.40027
0.419721
0.439057
0.458275
0.477373
0.49635
0.515203
0.53393
0.55253
0.571
0.58934
0.607545
0.625616
0.64355
0.661345
0.679
0.696512
0.71388
0.731102
0.748177
0.765103
0.781877
0.798499
0.814967
0.831279
0.847434
0.86343
0.879265
0.894939
0.910449
0.925794
0.940973
0.955985
0.970827
0.985498
0.999998
1.01432
1.02848
1.04245
1.05625
1.06987
1.08332
1.09658
1.10966
1.12255
1.13527
1.1478
1.16014
1.17229
1.18426
1.19604
1.20763
1.21902
1.23023
1.24124
1.25206
1.26268
1.27311
1.28335
1.29338
1.30322
1.31287
1.32231
1.33155
1.34059
1.34944
1.35808
1.36652
1.37476
1.38279
1.39062
1.39825
1.40567
1.41289
1.41991
1.42672
1.43332
1.43972
1.44591
1.4519
1.45768
1.46325
1.46862
1.47378
1.47873
1.48347
1.48801
1.49234
1.49646
1.50038
1.50409
1.50759
1.51088
1.51397
1.51685
1.51953
1.52199
1.52426
1.52631
1.52816
1.5298
1.53124
1.53248
1.53351
1.53433
1.53495
1.53537
1.53559
1.5356
1.53541
1.53502
1.53443
1.53364
1.53265
1.53146
1.53007
1.52849
1.5267
1.52472
1.52255
1.52018
1.51762
1.51486
1.51191
1.50877
1.50544
1.50191
1.4982
1.4943
1.49022
1.48594
1.48148
1.47684
1.47202
1.46701
1.46182
1.45645
1.4509
1.44518
1.43927
1.43319
1.42694
1.42052
1.41392
1.40715
1.40021
1.3931
1.38583
1.37839
1.37079
1.36302
1.35509
1.347
1.33876
1.33035
1.32179
1.31307
1.30421
1.29518
1.28601
1.27669
1.26723
1.25761
1.24786
1.23796
1.22792
1.21774
1.20742
1.19696
1.18637
1.17565
1.1648
1.15381
1.1427
1.13147
1.1201
1.10862
1.09701
1.08528
1.07344
1.06148
1.04941
1.03722
1.02492
1.01252
1
0.987383
0.974661
0.961837
0.948914
0.935892
0.922775
0.909563
0.896259
0.882865
0.869381
0.855812
0.842157
0.82842
0.814602
0.800704
0.78673
0.77268
0.758558
0.744364
0.7301
0.71577
0.701374
0.686914
0.672393
0.657813
0.643175
0.628481
0.613734
0.598935
0.584087
0.569191
0.554249
0.539264
0.524237
0.509171
0.494067
0.478927
0.463754
0.448549
0.433314
0.418052
0.402764
0.387452
0.372119
0.356766
0.341395
0.326009
0.310609
0.295197
0.279775
0.264346
0.248911
0.233473
0.218032
0.202592
0.187154
0.17172
0.156292
0.140872
0.125462
0.110064
0.0946796
0.0793113
0.0639607
0.0486298
0.0333205
0.0180347
0.00277433
0.0124587
0.0276626
0.0428354
0.0579752
0.0730801
0.0881483
0.103178
0.118167
0.133114
0.148017
0.162874
0.177683
0.192443
0.207151
0.221806
0.236406
0.25095
0.265435
0.27986
0.294223
0.308522
0.322756
0.336923
0.351021
0.365049
0.379004
0.392886
0.406693
0.420422
0.434072
0.447643
0.461131
0.474536
0.487856
0.501089
0.514234
0.527289
0.540253
0.553125
0.565902
0.578583
0.591168
0.603653
0.616039
0.628323
0.640505
0.652582
0.664553
0.676418
0.688174
0.699821
0.711356
0.72278
0.734089
0.745284
0.756363
0.767325
0.778168
0.788892
0.799494
0.809975
0.820332
0.830565
0.840673
0.850654
0.860507
0.870232
0.879827
0.889292
0.898624
0.907824
0.916891
0.925822
0.934618
0.943278
0.9518
0.960183
0.968428
0.976533
0.984497
0.992319
0.999999
1.00754
1.01493
1.02218
1.02928
1.03624
1.04305
1.04971
1.05622
1.06259
1.06881
1.07487
1.08079
1.08655
1.09217
1.09763
1.10294
1.1081
1.1131
1.11795
1.12265
1.12719
1.13158
1.13581
1.13989
1.14381
1.14757
1.15118
1.15463
1.15793
1.16106
1.16404
1.16687
1.16953
1.17204
1.17439
1.17659
1.17862
1.1805
1.18222
1.18378
1.18518
1.18643
1.18752
1.18845
1.18922
1.18984
1.1903
1.1906
1.19074
1.19073
1.19056
1.19023
1.18975
1.18912
1.18832
1.18737
1.18627
1.18501
1.1836
1.18204
1.18032
1.17845
1.17642
1.17425
1.17192
1.16944
1.16681
1.16403
1.1611
1.15802
1.1548
1.15142
1.1479
1.14424
1.14042
1.13647
1.13236
1.12812
1.12373
1.1192
1.11452
1.10971
1.10476
1.09966
1.09443
1.08907
1.08356
1.07792
1.07215
1.06624
1.0602
1.05402
1.04772
1.04128
1.03472
1.02803
1.02121
1.01426
1.0072
1
0.992685
0.985247
0.977688
0.97001
0.962213
0.954299
0.946269
0.938125
0.929866
0.921495
0.913012
0.90442
0.895718
0.886909
0.877994
0.868974
0.859849
0.850623
0.841295
0.831867
0.82234
0.812717
0.802997
0.793183
0.783276
0.773277
0.763188
0.75301
0.742744
0.732392
0.721955
0.711436
0.700834
0.690152
0.679391
0.668552
0.657638
0.646649
0.635588
0.624454
0.613251
0.60198
0.590641
0.579237
0.56777
0.55624
0.544649
0.532999
0.521292
0.509528
0.49771
0.485839
0.473917
0.461945
0.449925
0.437858
0.425747
0.413592
0.401396
0.389159
0.376884
0.364572
0.352225
0.339844
0.327432
0.314989
0.302517
0.290018
0.277494
0.264946
0.252376
0.239785
0.227176
0.214549
0.201907
0.189251
0.176582
0.163903
0.151215
0.138519
0.125818
0.113113
0.100405
0.0876962
0.0749885
0.0622833
0.0495822
0.0368869
0.0241989
0.01152
0.00114831
0.0138044
0.0264465
0.0390732
0.0516828
0.0642736
0.0768441
0.0893927
0.101918
0.114418
0.126891
0.139336
0.151751
0.164135
0.176486
0.188802
0.201082
0.213324
0.225527
0.23769
0.24981
0.261886
0.273917
0.285901
0.297837
0.309723
0.321557
0.333339
0.345067
0.356739
0.368353
0.379909
0.391405
0.402839
0.414211
0.425518
0.436759
0.447934
0.459039
0.470075
0.48104
0.491932
0.50275
0.513492
0.524158
0.534746
0.545255
0.555684
0.56603
0.576294
0.586473
0.596567
0.606574
0.616493
0.626322
0.636062
0.645709
0.655264
0.664725
0.674091
0.683361
0.692533
0.701607
0.710582
0.719456
0.728228
0.736897
0.745463
0.753924
0.762279
0.770528
0.778669
0.786701
0.794623
0.802435
0.810135
0.817722
0.825197
0.832557
0.839802
0.846931
0.853943
0.860838
0.867614
0.874272
0.880809
0.887225
0.893521
0.899694
0.905744
0.91167
0.917472
0.92315
0.928702
0.934128
0.939426
0.944598
0.949642
0.954557
0.959343
0.964
0.968526
0.972922
0.977187
0.98132
0.985321
0.98919
0.992927
0.99653
0.999999
1.00333
1.00654
1.0096
1.01253
1.01533
1.01799
1.02052
1.02291
1.02516
1.02728
1.02926
1.0311
1.03281
1.03438
1.03581
1.03711
1.03827
1.03929
1.04017
1.04092
1.04153
1.042
1.04233
1.04253
1.04259
1.04251
1.0423
1.04195
1.04146
1.04083
1.04007
1.03917
1.03814
1.03697
1.03566
1.03422
1.03265
1.03094
1.02909
1.02711
1.02499
1.02275
1.02037
1.01785
1.0152
1.01243
1.00952
1.00648
1.0033
1
0.996569
0.993008
0.989318
0.9855
0.981555
0.977483
0.973284
0.968959
0.96451
0.959936
0.955238
0.950417
0.945473
0.940408
0.935222
0.929915
0.924489
0.918944
0.913281
0.907501
0.901604
0.895592
0.889465
0.883224
0.87687
0.870404
0.863826
0.857138
0.850341
0.843436
0.836422
0.829302
0.822077
0.814746
0.807313
0.799776
0.792138
0.784399
0.776561
0.768624
0.76059
0.752459
0.744234
0.735914
0.727501
0.718996
0.710401
0.701716
0.692942
0.684082
0.675135
0.666103
0.656988
0.647791
0.638512
0.629153
0.619715
0.6102
0.600609
0.590942
0.581202
0.57139
0.561507
0.551554
0.541532
0.531443
0.521289
0.51107
0.500787
0.490444
0.480039
0.469576
0.459055
0.448478
0.437846
0.42716
0.416423
0.405634
0.394797
0.383911
0.372979
0.362003
0.350982
0.33992
0.328817
0.317674
0.306494
0.295278
0.284027
0.272742
0.261426
0.250079
0.238703
0.2273
0.215871
0.204417
0.192941
0.181443
0.169924
0.158388
0.146834
0.135265
0.123682
0.112086
0.100479
0.0888629
0.0772386
0.0656079
0.0539722
0.042333
0.0306919
0.0190503
0.00740971
0.00422832
0.0158623
0.0274907
0.0391121
0.0507249
0.0623276
0.0739188
0.085497
0.0970606
0.108608
0.120138
0.131649
0.14314
0.154608
0.166053
0.177474
0.188867
0.200233
0.21157
0.222876
0.234149
0.245389
0.256594
0.267762
0.278892
0.289983
0.301033
0.31204
0.323004
0.333923
0.344795
0.355619
0.366394
0.377119
0.387791
0.39841
0.408974
0.419482
0.429932
0.440324
0.450656
0.460926
0.471133
0.481276
0.491354
0.501365
0.511308
0.521182
0.530985
0.540716
0.550375
0.559959
0.569468
0.5789
0.588254
0.597529
0.606724
0.615838
0.624868
0.633816
0.642678
0.651454
0.660143
0.668743
0.677254
0.685675
0.694004
0.702241
0.710384
0.718432
0.726385
0.734241
0.741999
0.749658
0.757218
0.764677
0.772034
0.779289
0.786441
0.793488
0.800429
0.807265
0.813993
0.820614
0.827126
0.833528
0.83982
0.846
0.852069
0.858025
0.863867
0.869595
0.875208
0.880706
0.886087
0.89135
0.896497
0.901524
0.906433
0.911222
0.915891
0.920438
0.924865
0.929169
0.933351
0.937409
0.941344
0.945155
0.948841
0.952402
0.955838
0.959147
0.962331
0.965387
0.968316
0.971118
0.973792
0.976337
0.978754
0.981042
0.983201
0.98523
0.98713
0.9889
0.990539
0.992048
0.993427
0.994675
0.995791
0.996777
0.997632
0.998355
0.998947
0.999408
0.999737
0.999934
1
0.999934
0.999737
0.999408
0.998948
0.998356
0.997632
0.996778
0.995792
0.994675
0.993428
0.992049
0.99054
0.988901
0.987131
0.985231
0.983202
0.981043
0.978756
0.976339
0.973793
0.97112
0.968318
0.965389
0.962333
0.959149
0.95584
0.952404
0.948843
0.945157
0.941346
0.937412
0.933353
0.929172
0.924867
0.920441
0.915893
0.911225
0.906436
0.901527
0.8965
0.891354
0.88609
0.880709
0.875212
0.869599
0.863871
0.858028
0.852073
0.846004
0.839824
0.833532
0.82713
0.820618
0.813997
0.807269
0.800434
0.793492
0.786445
0.779294
0.772039
0.764682
0.757223
0.749663
0.742004
0.734246
0.72639
0.718437
0.710389
0.702246
0.69401
0.68568
0.67726
0.668749
0.660148
0.651459
0.642683
0.633821
0.624874
0.615843
0.60673
0.597535
0.58826
0.578906
0.569474
0.559965
0.550381
0.540722
0.530991
0.521188
0.511314
0.501371
0.49136
0.481282
0.471139
0.460932
0.450662
0.440331
0.429939
0.419488
0.408981
0.398417
0.387798
0.377125
0.366401
0.355626
0.344802
0.33393
0.323011
0.312047
0.30104
0.28999
0.278899
0.267769
0.256601
0.245396
0.234156
0.222883
0.211577
0.20024
0.188874
0.177481
0.166061
0.154615
0.143147
0.131656
0.120145
0.108615
0.0970678
0.0855042
0.0739261
0.0623349
0.0507321
0.0391193
0.027498
0.0158696
0.00423558
0.00740244
0.019043
0.0306846
0.0423258
0.053965
0.0656007
0.0772314
0.0888556
0.100472
0.112079
0.123674
0.135258
0.146827
0.15838
0.169917
0.181435
0.192934
0.20441
0.215864
0.227293
0.238696
0.250072
0.261419
0.272735
0.28402
0.295271
0.306487
0.317668
0.32881
0.339913
0.350975
0.361996
0.372973
0.383904
0.39479
0.405627
0.416416
0.427153
0.437839
0.448471
0.459048
0.469569
0.480033
0.490437
0.500781
0.511063
0.521282
0.531437
0.541526
0.551547
0.561501
0.571384
0.581196
0.590936
0.600603
0.610194
0.619709
0.629147
0.638506
0.647785
0.656982
0.666098
0.675129
0.684076
0.692937
0.70171
0.710396
0.718991
0.727496
0.735909
0.744229
0.752454
0.760585
0.768619
0.776556
0.784394
0.792133
0.799771
0.807308
0.814742
0.822072
0.829298
0.836418
0.843431
0.850337
0.857134
0.863822
0.8704
0.876866
0.88322
0.889461
0.895588
0.9016
0.907497
0.913277
0.91894
0.924485
0.929912
0.935218
0.940405
0.94547
0.950414
0.955235
0.959933
0.964507
0.968957
0.973281
0.97748
0.981552
0.985498
0.989316
0.993006
0.996567
0.999999
1.0033
1.00647
1.00951
1.01242
1.0152
1.01785
1.02036
1.02275
1.02499
1.02711
1.02909
1.03093
1.03265
1.03422
1.03566
1.03697
1.03814
1.03917
1.04007
1.04083
1.04146
1.04195
1.0423
1.04251
1.04259
1.04253
1.04233
1.042
1.04153
1.04092
1.04017
1.03929
1.03827
1.03711
1.03581
1.03438
1.03281
1.0311
1.02926
1.02728
1.02516
1.02291
1.02052
1.01799
1.01533
1.01254
1.0096
1.00654
1.00334
1
0.996532
0.992929
0.989193
0.985324
0.981323
0.977189
0.972925
0.968529
0.964002
0.959346
0.95456
0.949645
0.944601
0.93943
0.934131
0.928705
0.923153
0.917476
0.911674
0.905747
0.899697
0.893524
0.887229
0.880813
0.874276
0.867619
0.860842
0.853948
0.846935
0.839806
0.832561
0.825201
0.817727
0.810139
0.802439
0.794628
0.786706
0.778674
0.770533
0.762285
0.753929
0.745469
0.736903
0.728233
0.719461
0.710587
0.701613
0.692539
0.683367
0.674097
0.664731
0.65527
0.645715
0.636068
0.626328
0.616499
0.60658
0.596573
0.586479
0.5763
0.566037
0.55569
0.545262
0.534753
0.524165
0.513499
0.502756
0.491938
0.481046
0.470082
0.459046
0.447941
0.436766
0.425525
0.414218
0.402847
0.391412
0.379916
0.36836
0.356746
0.345074
0.333347
0.321565
0.30973
0.297844
0.285908
0.273924
0.261893
0.249817
0.237697
0.225535
0.213332
0.201089
0.188809
0.176493
0.164143
0.151759
0.139344
0.126899
0.114426
0.101926
0.0894006
0.076852
0.0642815
0.0516906
0.0390811
0.0264544
0.0138122
0.00115621
0.0115121
0.024191
0.036879
0.0495743
0.0622754
0.0749806
0.0876883
0.100397
0.113105
0.12581
0.138511
0.151207
0.163895
0.176574
0.189243
0.201899
0.214541
0.227168
0.239777
0.252368
0.264938
0.277486
0.290011
0.302509
0.314981
0.327424
0.339837
0.352217
0.364565
0.376876
0.389152
0.401388
0.413585
0.425739
0.437851
0.449918
0.461938
0.473909
0.485832
0.497703
0.509521
0.521284
0.532992
0.544642
0.556232
0.567762
0.57923
0.590634
0.601973
0.613244
0.624447
0.635581
0.646642
0.657631
0.668546
0.679384
0.690145
0.700827
0.711429
0.721949
0.732386
0.742738
0.753003
0.763182
0.773271
0.78327
0.793177
0.802991
0.812711
0.822334
0.831861
0.841289
0.850617
0.859844
0.868968
0.877988
0.886904
0.895713
0.904414
0.913007
0.92149
0.929861
0.938119
0.946264
0.954294
0.962208
0.970005
0.977683
0.985242
0.992681
0.999997
1.00719
1.01426
1.02121
1.02802
1.03472
1.04128
1.04771
1.05402
1.06019
1.06623
1.07214
1.07792
1.08356
1.08906
1.09443
1.09966
1.10475
1.10971
1.11452
1.11919
1.12372
1.12811
1.13236
1.13646
1.14042
1.14423
1.1479
1.15142
1.1548
1.15802
1.1611
1.16403
1.16681
1.16944
1.17192
1.17424
1.17642
1.17845
1.18032
1.18204
1.1836
1.18501
1.18627
1.18737
1.18832
1.18912
1.18975
1.19023
1.19056
1.19073
1.19074
1.1906
1.1903
1.18984
1.18922
1.18845
1.18752
1.18643
1.18519
1.18378
1.18222
1.1805
1.17862
1.17659
1.17439
1.17204
1.16954
1.16687
1.16405
1.16107
1.15793
1.15463
1.15118
1.14757
1.14381
1.13989
1.13581
1.13158
1.12719
1.12265
1.11796
1.11311
1.1081
1.10294
1.09763
1.09217
1.08656
1.08079
1.07488
1.06881
1.06259
1.05623
1.04971
1.04305
1.03624
1.02928
1.02218
1.01493
1.00754
1
0.992324
0.984501
0.976538
0.968433
0.960189
0.951805
0.943283
0.934624
0.925828
0.916896
0.90783
0.89863
0.889298
0.879833
0.870238
0.860514
0.85066
0.840679
0.830572
0.820339
0.809981
0.799501
0.788898
0.778175
0.767332
0.75637
0.745291
0.734096
0.722787
0.711363
0.699828
0.688181
0.676425
0.664561
0.652589
0.640512
0.628331
0.616047
0.603661
0.591176
0.578591
0.56591
0.553133
0.540261
0.527297
0.514242
0.501097
0.487864
0.474544
0.461139
0.447651
0.434081
0.42043
0.406701
0.392895
0.379013
0.365058
0.35103
0.336932
0.322765
0.308531
0.294232
0.279869
0.265444
0.250959
0.236415
0.221815
0.20716
0.192452
0.177692
0.162883
0.148026
0.133123
0.118177
0.103187
0.0881577
0.0730895
0.0579846
0.0428448
0.0276721
0.0124682
0.00276482
0.0180252
0.033311
0.0486203
0.0639512
0.0793017
0.09467
0.110054
0.125452
0.140862
0.156282
0.17171
0.187144
0.202582
0.218022
0.233463
0.248902
0.264337
0.279766
0.295187
0.310599
0.325999
0.341385
0.356756
0.372109
0.387442
0.402754
0.418042
0.433304
0.448539
0.463744
0.478918
0.494057
0.509162
0.524228
0.539255
0.55424
0.569182
0.584078
0.598926
0.613725
0.628472
0.643166
0.657804
0.672384
0.686905
0.701365
0.715761
0.730092
0.744355
0.758549
0.772672
0.786721
0.800696
0.814593
0.828411
0.842149
0.855803
0.869373
0.882856
0.896251
0.909555
0.922767
0.935884
0.948906
0.961829
0.974653
0.987375
0.999994
1.01251
1.02491
1.03721
1.0494
1.06147
1.07343
1.08528
1.097
1.10861
1.1201
1.13146
1.1427
1.15381
1.16479
1.17564
1.18637
1.19696
1.20741
1.21773
1.22791
1.23795
1.24785
1.25761
1.26722
1.27669
1.28601
1.29518
1.3042
1.31307
1.32179
1.33035
1.33875
1.347
1.35509
1.36302
1.37078
1.37839
1.38583
1.3931
1.40021
1.40714
1.41391
1.42051
1.42694
1.43319
1.43927
1.44517
1.4509
1.45645
1.46182
1.46701
1.47201
1.47684
1.48148
1.48594
1.49021
1.4943
1.4982
1.50191
1.50543
1.50877
1.51191
1.51486
1.51761
1.52018
1.52255
1.52472
1.5267
1.52849
1.53007
1.53146
1.53265
1.53364
1.53443
1.53502
1.53541
1.5356
1.53559
1.53537
1.53495
1.53433
1.53351
1.53248
1.53124
1.52981
1.52816
1.52631
1.52426
1.522
1.51953
1.51685
1.51397
1.51089
1.50759
1.50409
1.50038
1.49647
1.49234
1.48801
1.48348
1.47873
1.47378
1.46862
1.46325
1.45768
1.4519
1.44592
1.43972
1.43333
1.42672
1.41991
1.4129
1.40568
1.39826
1.39063
1.3828
1.37476
1.36652
1.35808
1.34944
1.3406
1.33156
1.32231
1.31287
1.30323
1.29339
1.28335
1.27312
1.26269
1.25207
1.24125
1.23024
1.21903
1.20763
1.19605
1.18427
1.1723
1.16015
1.1478
1.13528
1.12256
1.10967
1.09659
1.08332
1.06988
1.05626
1.04246
1.02849
1.01433
1.00001
0.985507
0.970836
0.955994
0.940983
0.925804
0.910459
0.894949
0.879275
0.86344
0.847444
0.831289
0.814977
0.79851
0.781888
0.765113
0.748188
0.731113
0.713891
0.696523
0.679011
0.661356
0.643561
0.625628
0.607557
0.589351
0.571012
0.552542
0.533942
0.515214
0.496361
0.477385
0.458287
0.439069
0.419733
0.400283
0.380718
0.361042
0.341257
0.321365
0.301368
0.281268
0.261067
0.240768
0.220372
0.199882
0.179301
0.15863
0.137872
0.117029
0.0961036
0.0750977
0.054014
0.0328547
0.0116222
0.00968102
0.0310526
0.05249
0.0739909
0.0955529
0.117173
0.13885
0.16058
0.182361
0.20419
0.226065
0.247984
0.269944
0.291941
0.313975
0.336041
0.358138
0.380262
0.402412
0.424583
0.446775
0.468984
0.491207
0.513442
0.535686
0.557936
0.580189
0.602444
0.624696
0.646944
0.669184
0.691414
0.713631
0.735833
0.758015
0.780176
0.802313
0.824423
0.846503
0.86855
0.890562
0.912536
0.934468
0.956356
0.978197
0.999989
1.02173
1.04341
1.06504
1.0866
1.1081
1.12953
1.15089
1.17218
1.1934
1.21453
1.23559
1.25656
1.27744
1.29823
1.31893
1.33954
1.36004
1.38045
1.40075
1.42094
1.44102
1.46099
1.48084
1.50057
1.52018
1.53967
1.55903
1.57826
1.59736
1.61632
1.63514
1.65382
1.67235
1.69074
1.70897
1.72706
1.74499
1.76276
1.78036
1.79781
1.81508
1.83219
1.84912
1.86588
1.88246
1.89886
1.91508
1.93111
1.94695
1.9626
1.97806
1.99332
2.00837
2.02323
2.03788
2.05233
2.06656
2.08058
2.09439
2.10797
2.12134
2.13448
2.1474
2.16009
2.17255
2.18478
2.19677
2.20852
2.22003
2.2313
2.24233
2.2531
2.26363
2.2739
2.28392
2.29368
2.30318
2.31242
2.3214
2.33011
2.33855
2.34672
2.35462
2.36224
2.36959
2.37666
2.38344
2.38994
2.39616
2.40209
2.40773
2.41308
2.41813
2.42289
2.42735
2.43151
2.43537
2.43893
2.44218
2.44512
2.44776
2.45009
2.4521
2.4538
2.45518
2.45625
2.457
2.45743
2.45753
2.45731
2.45677
2.4559
2.4547
2.45317
2.45131
2.44912
2.4466
2.44374
2.44054
2.437
2.43313
2.42892
2.42436
2.41946
2.41422
2.40863
2.40269
2.39641
2.38978
2.3828
2.37547
2.36779
2.35976
2.35137
2.34263
2.33354
2.32409
2.31428
2.30412
2.2936
2.28272
2.27148
2.25988
2.24792
2.2356
2.22292
2.20988
2.19648
2.18271
2.16858
2.15408
2.13923
2.124
2.10842
2.09247
2.07615
2.05947
2.04242
2.02501
2.00724
1.9891
1.97059
1.95172
1.93248
1.91288
1.89291
1.87258
1.85188
1.83082
1.8094
1.78761
1.76546
1.74294
1.72006
1.69682
1.67322
1.64926
1.62493
1.60025
1.5752
1.5498
1.52404
1.49792
1.47144
1.44461
1.41742
1.38988
1.36199
1.33374
1.30514
1.27619
1.24689
1.21724
1.18724
1.1569
1.12621
1.09517
1.0638
1.03208
1.00002
0.967619
0.934883
0.901809
0.868401
0.834658
0.800584
0.766178
0.731443
0.69638
0.660991
0.625278
0.589241
0.552883
0.516206
0.479211
0.4419
0.404275
0.366337
0.328089
0.289533
0.25067
0.211502
0.172031
0.13226
0.0921902
0.0518239
0.0111633
0.0297896
0.0710325
0.112563
0.15438
0.196479
0.23886
0.28152
0.324456
0.367665
0.411147
0.454897
0.498915
0.543196
0.587739
0.632542
0.6776
0.722913
0.768477
0.81429
0.860349
0.90665
0.953193
0.999973
1.04699
1.09424
1.14171
1.18942
1.23734
1.28549
1.33386
1.38243
1.43123
1.48023
1.52943
1.57884
1.62845
1.67826
1.72825
1.77844
1.82882
1.87938
1.93012
1.98104
2.03213
2.08339
2.13482
2.18642
2.23818
2.29009
2.34216
2.39438
2.44674
2.49925
2.5519
2.60469
2.65761
2.71067
2.76385
2.81715
2.87057
2.92411
2.97776
3.03152
3.08538
3.13935
3.19341
3.24757
3.30182
3.35616
3.41058
3.46507
3.51965
3.5743
3.62901
3.68379
3.73863
3.79353
3.84849
3.90349
3.95853
4.01362
4.06875
4.12391
4.1791
4.23432
4.28956
4.34482
4.4001
4.45539
4.51068
4.56598
4.62127
4.67656
4.73185
4.78712
4.84237
4.89761
4.95282
5.008
5.06315
5.11827
5.17334
5.22837
5.28336
5.33829
5.39316
5.44798
5.50273
5.55742
5.61203
5.66657
5.72103
5.77541
5.82969
5.88389
5.938
5.992
6.0459
6.09969
6.15338
6.20694
6.26039
6.31372
6.36692
6.41999
6.47293
6.52572
6.57838
6.63089
6.68325
6.73545
6.7875
6.83939
6.89111
6.94266
6.99404
7.04524
7.09626
7.1471
7.19775
7.24821
7.29847
7.34853
7.39839
7.44805
7.49749
7.54672
7.59572
7.64451
7.69308
7.74141
7.78951
7.83738
7.885
7.93238
7.97952
8.0264
8.07303
8.11941
8.16552
8.21137
8.25694
8.30225
8.34729
8.39204
8.43651
8.4807
8.5246
8.56821
8.61152
8.65454
8.69725
8.73966
8.78176
8.82354
8.86502
8.90617
8.94701
8.98752
9.02771
9.06756
9.10708
9.14627
9.18511
9.22362
9.26178
9.29959
9.33705
9.37415
9.4109
9.44729
9.48332
9.51898
9.55428
9.5892
9.62376
9.65793
9.69173
9.72515
9.75818
9.79083
9.82308
9.85495
9.88642
9.9175
9.94818
9.97846
10.0083
10.0378
10.0669
10.0955
10.1238
10.1516
10.179
10.206
10.2325
10.2587
10.2844
10.3097
10.3346
10.359
10.383
10.4066
10.4297
10.4524
10.4747
10.4965
10.5178
10.5388
10.5592
10.5793
10.5988
10.618
10.6367
10.6549
10.6726
10.6899
10.7068
10.7232
10.7391
10.7546
10.7696
10.7841
10.7982
10.8118
10.8249
10.8376
10.8498
10.8615
10.8728
10.8836
10.8939
10.9037
10.9131
10.922
10.9304
10.9383
10.9458
10.9528
10.9593
10.9653
10.9708
10.9759
10.9805
10.9846
10.9882
10.9913
10.994
10.9961
10.9978
10.999
10.9998
