0.28125
0.281251
0.281255
0.28126
0.281269
0.281279
0.281292
0.281307
0.281325
0.281344
0.281367
0.281391
0.281418
0.281447
0.281478
0.281512
0.281548
0.281587
0.281628
0.281671
0.281716
0.281764
0.281814
0.281866
0.281921
0.281978
0.282037
0.282099
0.282163
0.282229
0.282298
0.282369
0.282442
0.282517
0.282595
0.282675
0.282758
0.282843
0.28293
0.283019
0.283111
0.283204
0.283301
0.283399
0.2835
0.283603
0.283708
0.283816
0.283926
0.284038
0.284153
0.284269
0.284388
0.28451
0.284633
0.284759
0.284887
0.285018
0.28515
0.285285
0.285422
0.285562
0.285703
0.285847
0.285993
0.286141
0.286292
0.286445
0.2866
0.286757
0.286916
0.287078
0.287242
0.287408
0.287577
0.287747
0.28792
0.288095
0.288272
0.288451
0.288633
0.288817
0.289002
0.289191
0.289381
0.289573
0.289768
0.289965
0.290164
0.290365
0.290568
0.290773
0.290981
0.291191
0.291403
0.291617
0.291833
0.292051
0.292271
0.292494
0.292718
0.292945
0.293174
0.293405
0.293638
0.293873
0.294111
0.29435
0.294591
0.294835
0.29508
0.295328
0.295578
0.29583
0.296084
0.296339
0.296597
0.296858
0.29712
0.297384
0.29765
0.297918
0.298188
0.298461
0.298735
0.299011
0.299289
0.29957
0.299852
0.300136
0.300423
0.300711
0.301001
0.301293
0.301588
0.301884
0.302182
0.302482
0.302784
0.303088
0.303394
0.303702
0.304012
0.304324
0.304638
0.304953
0.305271
0.30559
0.305912
0.306235
0.30656
0.306888
0.307217
0.307547
0.30788
0.308215
0.308551
0.30889
0.30923
0.309572
0.309916
0.310262
0.31061
0.310959
0.311311
0.311664
0.312019
0.312376
0.312735
0.313095
0.313457
0.313821
0.314187
0.314555
0.314925
0.315296
0.315669
0.316044
0.31642
0.316799
0.317179
0.317561
0.317944
0.31833
0.318717
0.319106
0.319496
0.319889
0.320283
0.320679
0.321076
0.321475
0.321876
0.322279
0.322683
0.323089
0.323497
0.323906
0.324318
0.32473
0.325145
0.325561
0.325979
0.326398
0.326819
0.327242
0.327666
0.328092
0.32852
0.328949
0.32938
0.329812
0.330247
0.330682
0.33112
0.331559
0.331999
0.332441
0.332885
0.33333
0.333777
0.334226
0.334676
0.335127
0.335581
0.336035
0.336492
0.33695
0.337409
0.33787
0.338332
0.338796
0.339262
0.339729
0.340198
0.340668
0.341139
0.341612
0.342087
0.342563
0.343041
0.34352
0.344001
0.344483
0.344966
0.345451
0.345938
0.346426
0.346915
0.347406
0.347899
0.348393
0.348888
0.349385
0.349883
0.350382
0.350883
0.351386
0.35189
0.352395
0.352902
0.35341
0.353919
0.35443
0.354943
0.355457
0.355972
0.356488
0.357006
0.357526
0.358046
0.358568
0.359092
0.359617
0.360143
0.36067
0.361199
0.36173
0.362261
0.362794
0.363328
0.363864
0.364401
0.364939
0.365479
0.36602
0.366562
0.367106
0.367651
0.368197
0.368745
0.369294
0.369844
0.370395
0.370948
0.371502
0.372057
0.372614
0.373172
0.373731
0.374292
0.374854
0.375417
0.375981
0.376546
0.377113
0.377681
0.378251
0.378821
0.379393
0.379966
0.380541
0.381116
0.381693
0.382271
0.38285
0.383431
0.384013
0.384596
0.38518
0.385765
0.386352
0.38694
0.387529
0.388119
0.38871
0.389303
0.389897
0.390492
0.391088
0.391686
0.392284
0.392884
0.393485
0.394087
0.394691
0.395295
0.395901
0.396508
0.397116
0.397725
0.398335
0.398947
0.39956
0.400173
0.400788
0.401404
0.402022
0.40264
0.40326
0.40388
0.404502
0.405125
0.405749
0.406375
0.407001
0.407629
0.408257
0.408887
0.409518
0.41015
0.410783
0.411417
0.412052
0.412689
0.413326
0.413965
0.414605
0.415246
0.415888
0.416531
0.417175
0.41782
0.418466
0.419114
0.419762
0.420412
0.421063
0.421714
0.422367
0.423021
0.423676
0.424332
0.424989
0.425648
0.426307
0.426967
0.427629
0.428291
0.428955
0.429619
0.430285
0.430951
0.431619
0.432288
0.432958
0.433629
0.434301
0.434974
0.435648
0.436323
0.436999
0.437676
0.438354
0.439034
0.439714
0.440395
0.441078
0.441761
0.442445
0.443131
0.443817
0.444505
0.445193
0.445883
0.446573
0.447265
0.447957
0.448651
0.449346
0.450041
0.450738
0.451436
0.452134
0.452834
0.453535
0.454236
0.454939
0.455643
0.456347
0.457053
0.45776
0.458467
0.459176
0.459886
0.460597
0.461308
0.462021
0.462735
0.463449
0.464165
0.464882
0.465599
0.466318
0.467037
0.467758
0.46848
0.469202
0.469926
0.47065
0.471376
0.472102
0.47283
0.473558
0.474288
0.475018
0.475749
0.476482
0.477215
0.477949
0.478685
0.479421
0.480158
0.480896
0.481635
0.482375
0.483117
0.483859
0.484602
0.485346
0.486091
0.486836
0.487583
0.488331
0.48908
0.48983
0.49058
0.491332
0.492085
0.492838
0.493593
0.494348
0.495105
0.495862
0.496621
0.49738
0.49814
0.498902
0.499664
0.500427
0.501191
0.501956
0.502722
0.503489
0.504257
0.505026
0.505796
0.506567
0.507338
0.508111
0.508885
0.509659
0.510435
0.511211
0.511989
0.512767
0.513546
0.514327
0.515108
0.51589
0.516673
0.517457
0.518242
0.519028
0.519815
0.520603
0.521391
0.522181
0.522972
0.523763
0.524556
0.52535
0.526144
0.526939
0.527736
0.528533
0.529331
0.53013
0.53093
0.531731
0.532533
0.533336
0.53414
0.534945
0.535751
0.536558
0.537365
0.538174
0.538983
0.539794
0.540605
0.541418
0.542231
0.543045
0.54386
0.544677
0.545494
0.546312
0.547131
0.547951
0.548771
0.549593
0.550416
0.55124
0.552064
0.55289
0.553716
0.554544
0.555372
0.556202
0.557032
0.557863
0.558695
0.559529
0.560363
0.561198
0.562034
0.562871
0.563709
0.564547
0.565387
0.566228
0.56707
0.567912
0.568756
0.5696
0.570446
0.571292
0.57214
0.572988
0.573837
0.574688
0.575539
0.576391
0.577244
0.578098
0.578953
0.579809
0.580666
0.581524
0.582383
0.583243
0.584103
0.584965
0.585828
0.586691
0.587556
0.588422
0.589288
0.590156
0.591024
0.591893
0.592764
0.593635
0.594507
0.595381
0.596255
0.59713
0.598006
0.598883
0.599761
0.600641
0.601521
0.602402
0.603284
0.604166
0.60505
0.605935
0.606821
0.607708
0.608596
0.609485
0.610374
0.611265
0.612157
0.61305
0.613943
0.614838
0.615734
0.61663
0.617528
0.618426
0.619326
0.620227
0.621128
0.622031
0.622934
0.623839
0.624744
0.625651
0.626558
0.627467
0.628376
0.629287
0.630198
0.631111
0.632024
0.632939
0.633854
0.634771
0.635688
0.636607
0.637526
0.638446
0.639368
0.64029
0.641214
0.642138
0.643064
0.64399
0.644918
0.645847
0.646776
0.647707
0.648638
0.649571
0.650504
0.651439
0.652375
0.653311
0.654249
0.655188
0.656128
0.657068
0.65801
0.658953
0.659897
0.660842
0.661788
0.662735
0.663683
0.664632
0.665582
0.666533
0.667485
0.668438
0.669392
0.670348
0.671304
0.672261
0.67322
0.674179
0.67514
0.676101
0.677064
0.678027
0.678992
0.679958
0.680925
0.681893
0.682861
0.683831
0.684802
0.685775
0.686748
0.687722
0.688697
0.689674
0.690651
0.69163
0.692609
0.69359
0.694572
0.695555
0.696538
0.697523
0.698509
0.699497
0.700485
0.701474
0.702465
0.703456
0.704449
0.705442
0.706437
0.707433
0.70843
0.709428
0.710427
0.711428
0.712429
0.713431
0.714435
0.71544
0.716445
0.717452
0.71846
0.71947
0.72048
0.721491
0.722504
0.723517
0.724532
0.725548
0.726565
0.727583
0.728602
0.729623
0.730644
0.731667
0.732691
0.733716
0.734742
0.735769
0.736797
0.737827
0.738857
0.739889
0.740922
0.741956
0.742992
0.744028
0.745066
0.746104
0.747144
0.748185
0.749227
0.750271
0.751315
0.752361
0.753408
0.754456
0.755505
0.756556
0.757607
0.75866
0.759714
0.760769
0.761826
0.762883
0.763942
0.765002
0.766063
0.767125
0.768189
0.769254
0.77032
0.771387
0.772455
0.773525
0.774595
0.775667
0.776741
0.777815
0.778891
0.779968
0.781046
0.782125
0.783206
0.784287
0.78537
0.786455
0.78754
0.788627
0.789715
0.790804
0.791895
0.792986
0.794079
0.795173
0.796269
0.797366
0.798464
0.799563
0.800663
0.801765
0.802868
0.803973
0.805078
0.806185
0.807293
0.808403
0.809513
0.810625
0.811739
0.812853
0.813969
0.815086
0.816205
0.817325
0.818446
0.819568
0.820692
0.821817
0.822943
0.82407
0.825199
0.82633
0.827461
0.828594
0.829728
0.830864
0.832001
0.833139
0.834278
0.835419
0.836562
0.837705
0.83885
0.839996
0.841144
0.842293
0.843443
0.844595
0.845748
0.846902
0.848058
0.849215
0.850374
0.851534
0.852695
0.853858
0.855022
0.856187
0.857354
0.858522
0.859692
0.860863
0.862035
0.863209
0.864384
0.865561
0.866739
0.867918
0.869099
0.870281
0.871465
0.87265
0.873836
0.875024
0.876214
0.877404
0.878597
0.87979
0.880986
0.882182
0.88338
0.88458
0.885781
0.886983
0.888187
0.889392
0.890599
0.891807
0.893017
0.894228
0.895441
0.896655
0.897871
0.899088
0.900307
0.901527
0.902748
0.903971
0.905196
0.906422
0.90765
0.908879
0.91011
0.911342
0.912576
0.913811
0.915048
0.916286
0.917526
0.918767
0.92001
0.921255
0.922501
0.923748
0.924997
0.926248
0.9275
0.928754
0.930009
0.931266
0.932525
0.933785
0.935047
0.93631
0.937575
0.938841
0.940109
0.941379
0.94265
0.943923
0.945197
0.946473
0.947751
0.94903
0.950311
0.951594
0.952878
0.954164
0.955451
0.95674
0.958031
0.959323
0.960617
0.961913
0.96321
0.964509
0.96581
0.967112
0.968416
0.969722
0.971029
0.972338
0.973649
0.974961
0.976275
0.977591
0.978909
0.980228
0.981549
0.982871
0.984196
0.985522
0.986849
0.988179
0.98951
0.990843
0.992178
0.993514
0.994852
0.996192
0.997534
0.998877
1.00022
1.00157
1.00292
1.00427
1.00562
1.00698
1.00833
1.00969
1.01105
1.01241
1.01377
1.01514
1.0165
1.01787
1.01924
1.02061
1.02199
1.02336
1.02474
1.02612
1.0275
1.02889
1.03027
1.03166
1.03305
1.03444
1.03583
1.03722
1.03862
1.04002
1.04142
1.04282
1.04422
1.04563
1.04704
1.04845
1.04986
1.05127
1.05269
1.0541
1.05552
1.05694
1.05837
1.05979
1.06122
1.06265
1.06408
1.06551
1.06694
1.06838
1.06982
1.07126
1.0727
1.07415
1.07559
1.07704
1.07849
1.07994
1.0814
1.08286
1.08431
1.08577
1.08724
1.0887
1.09017
1.09164
1.09311
1.09458
1.09606
1.09753
1.09901
1.10049
1.10198
1.10346
1.10495
1.10644
1.10793
1.10942
1.11092
1.11242
1.11392
1.11542
1.11692
1.11843
1.11994
1.12145
1.12296
1.12448
1.12599
1.12751
1.12903
1.13056
1.13208
1.13361
1.13514
1.13667
1.13821
1.13975
1.14128
1.14283
1.14437
1.14591
1.14746
1.14901
1.15056
1.15212
1.15368
1.15524
1.1568
1.15836
1.15993
1.16149
1.16307
1.16464
1.16621
1.16779
1.16937
1.17095
1.17254
1.17412
1.17571
1.1773
1.1789
1.18049
1.18209
1.18369
1.1853
1.1869
1.18851
1.19012
1.19173
1.19335
1.19497
1.19659
1.19821
1.19983
1.20146
1.20309
1.20472
1.20636
1.20799
1.20963
1.21127
1.21292
1.21456
1.21621
1.21787
1.21952
1.22118
1.22284
1.2245
1.22616
1.22783
1.2295
1.23117
1.23284
1.23452
1.2362
1.23788
1.23957
1.24126
1.24295
1.24464
1.24633
1.24803
1.24973
1.25143
1.25314
1.25485
1.25656
1.25827
1.25999
1.26171
1.26343
1.26515
1.26688
1.26861
1.27034
1.27208
1.27381
1.27555
1.2773
1.27904
1.28079
1.28254
1.28429
1.28605
1.28781
1.28957
1.29134
1.29311
1.29488
1.29665
1.29843
1.3002
1.30199
1.30377
1.30556
1.30735
1.30914
1.31094
1.31274
1.31454
1.31634
1.31815
1.31996
1.32177
1.32359
1.32541
1.32723
1.32906
1.33088
1.33272
1.33455
1.33639
1.33823
1.34007
1.34191
1.34376
1.34561
1.34747
1.34933
1.35119
1.35305
1.35492
1.35679
1.35866
1.36054
1.36242
1.3643
1.36618
1.36807
1.36996
1.37186
1.37376
1.37566
1.37756
1.37947
1.38138
1.38329
1.38521
1.38713
1.38905
1.39098
1.39291
1.39484
1.39677
1.39871
1.40065
1.4026
1.40455
1.4065
1.40846
1.41041
1.41238
1.41434
1.41631
1.41828
1.42026
1.42224
1.42422
1.4262
1.42819
1.43018
1.43218
1.43418
1.43618
1.43818
1.44019
1.44221
1.44422
1.44624
1.44826
1.45029
1.45232
1.45435
1.45639
1.45843
1.46047
1.46252
1.46457
1.46662
1.46868
1.47074
1.47281
1.47488
1.47695
1.47902
1.4811
1.48319
1.48527
1.48736
1.48946
1.49155
1.49365
1.49576
1.49787
1.49998
1.5021
1.50422
1.50634
1.50847
1.5106
1.51273
1.51487
1.51701
1.51916
1.52131
1.52346
1.52562
1.52778
1.52994
1.53211
1.53429
1.53646
1.53864
1.54083
1.54302
1.54521
1.5474
1.5496
1.55181
1.55402
1.55623
1.55844
1.56066
1.56289
1.56512
1.56735
1.56958
1.57182
1.57407
1.57632
1.57857
1.58083
1.58309
1.58535
1.58762
1.58989
1.59217
1.59445
1.59674
1.59903
1.60132
1.60362
1.60592
1.60823
1.61054
1.61285
1.61517
1.61749
1.61982
1.62215
1.62449
1.62683
1.62918
1.63153
1.63388
1.63624
1.6386
1.64097
1.64334
1.64572
1.6481
1.65048
1.65287
1.65526
1.65766
1.66006
1.66247
1.66488
1.6673
1.66972
1.67215
1.67458
1.67701
1.67945
1.68189
1.68434
1.6868
1.68925
1.69172
1.69418
1.69665
1.69913
1.70161
1.7041
1.70659
1.70908
1.71158
1.71409
1.7166
1.71911
1.72163
1.72416
1.72669
1.72922
1.73176
1.73431
1.73685
1.73941
1.74197
1.74453
1.7471
1.74967
1.75225
1.75484
1.75742
1.76002
1.76262
1.76522
1.76783
1.77044
1.77306
1.77569
1.77832
1.78095
1.78359
1.78624
1.78889
1.79154
1.7942
1.79687
1.79954
1.80222
1.8049
1.80759
1.81028
1.81298
1.81568
1.81839
1.8211
1.82382
1.82655
1.82928
1.83201
1.83475
1.8375
1.84025
1.84301
1.84577
1.84854
1.85132
1.8541
1.85688
1.85967
1.86247
1.86527
1.86808
1.87089
1.87371
1.87654
1.87937
1.88221
1.88505
1.8879
1.89075
1.89361
1.89648
1.89935
1.90223
1.90511
1.908
1.91089
1.91379
1.9167
1.91961
1.92253
1.92546
1.92839
1.93132
1.93427
1.93722
1.94017
1.94313
1.9461
1.94907
1.95205
1.95504
1.95803
1.96103
1.96403
1.96704
1.97006
1.97308
1.97611
1.97915
1.98219
1.98524
1.98829
1.99135
1.99442
1.99749
2.00057
2.00366
2.00675
2.00985
2.01296
2.01607
2.01919
2.02232
2.02545
2.02859
2.03174
2.03489
2.03805
2.04121
2.04439
2.04757
2.05075
2.05394
2.05714
2.06035
2.06356
2.06678
2.07001
2.07324
2.07648
2.07973
2.08299
2.08625
2.08952
2.09279
2.09607
2.09936
2.10266
2.10596
2.10927
2.11259
2.11592
2.11925
2.12259
2.12593
2.12929
2.13265
2.13602
2.13939
2.14277
2.14616
2.14956
2.15297
2.15638
2.1598
2.16323
2.16666
2.1701
2.17355
2.17701
2.18047
2.18394
2.18742
2.19091
2.19441
2.19791
2.20142
2.20493
2.20846
2.21199
2.21553
2.21908
2.22264
2.2262
2.22977
2.23335
2.23694
2.24054
2.24414
2.24775
2.25137
2.255
2.25863
2.26228
2.26593
2.26959
2.27326
2.27693
2.28062
2.28431
2.28801
2.29172
2.29543
2.29916
2.30289
2.30663
2.31038
2.31414
2.3179
2.32168
2.32546
2.32925
2.33305
2.33686
2.34068
2.3445
2.34834
2.35218
2.35603
2.35989
2.36376
2.36763
2.37152
2.37541
2.37932
2.38323
2.38715
2.39108
2.39502
2.39896
2.40292
2.40688
2.41086
2.41484
2.41883
2.42283
2.42684
2.43086
2.43488
2.43892
2.44296
2.44702
2.45108
2.45515
2.45924
2.46333
2.46743
2.47154
2.47565
2.47978
2.48392
2.48807
2.49222
2.49639
2.50056
2.50475
2.50894
2.51314
2.51735
2.52158
2.52581
2.53005
2.5343
2.53856
2.54283
2.54711
2.5514
2.55569
2.56
2.56432
2.56865
2.57299
2.57733
2.58169
2.58606
2.59043
2.59482
2.59922
2.60362
2.60804
2.61247
2.6169
2.62135
2.62581
2.63027
2.63475
2.63923
2.64373
2.64824
2.65276
2.65728
2.66182
2.66637
2.67093
2.67549
2.68007
2.68466
2.68926
2.69387
2.69849
2.70312
2.70776
2.71241
2.71707
2.72174
2.72643
2.73112
2.73582
2.74053
2.74526
2.74999
2.75474
2.7595
2.76426
2.76904
2.77383
2.77863
2.78344
2.78826
2.79309
2.79793
2.80278
2.80765
2.81252
2.8174
2.8223
2.82721
2.83212
2.83705
2.84199
2.84694
2.8519
2.85688
2.86186
2.86685
2.87186
2.87688
2.8819
2.88694
2.89199
2.89705
2.90212
2.9072
2.9123
2.9174
2.92252
2.92765
2.93278
2.93793
2.94309
2.94827
2.95345
2.95864
2.96385
2.96907
2.97429
2.97953
2.98478
2.99005
2.99532
3.0006
3.0059
3.01121
3.01653
3.02186
3.0272
3.03255
3.03791
3.04329
3.04868
3.05407
3.05948
3.0649
3.07034
3.07578
3.08123
3.0867
3.09218
3.09767
3.10317
3.10868
3.1142
3.11974
3.12529
3.13084
3.13641
3.14199
3.14758
3.15319
3.1588
3.16443
3.17007
3.17571
3.18138
3.18705
3.19273
3.19842
3.20413
3.20985
3.21558
3.22132
3.22707
3.23283
3.2386
3.24439
3.25018
3.25599
3.26181
3.26764
3.27348
3.27933
3.2852
3.29107
3.29696
3.30286
3.30877
3.31469
3.32062
3.32656
3.33251
3.33847
3.34445
3.35044
3.35643
3.36244
3.36846
3.37449
3.38053
3.38658
3.39264
3.39872
3.4048
3.41089
3.417
3.42312
3.42924
3.43538
3.44153
3.44769
3.45385
3.46003
3.46622
3.47242
3.47863
3.48485
3.49109
3.49733
3.50358
3.50984
3.51611
3.52239
3.52868
3.53499
3.5413
3.54762
3.55395
3.56029
3.56664
3.573
3.57937
3.58575
3.59214
3.59854
3.60494
3.61136
3.61779
3.62422
3.63067
3.63712
3.64358
3.65005
3.65653
3.66302
3.66952
3.67602
3.68254
3.68906
3.69559
3.70213
3.70868
3.71523
3.72179
3.72837
3.73494
3.74153
3.74813
3.75473
3.76134
3.76795
3.77458
3.78121
3.78785
3.7945
3.80115
3.80781
3.81447
3.82115
3.82782
3.83451
3.8412
3.8479
3.8546
3.86131
3.86803
3.87475
3.88148
3.88821
3.89495
3.90169
3.90844
3.91519
3.92195
3.92871
3.93547
3.94225
3.94902
3.9558
3.96258
3.96937
3.97616
3.98296
3.98975
3.99655
4.00336
4.01017
4.01697
4.02379
4.0306
4.03742
4.04424
4.05106
4.05788
4.06471
4.07153
4.07836
4.08519
4.09202
4.09885
4.10568
4.11251
4.11934
4.12617
4.133
4.13983
4.14666
4.15349
4.16032
4.16715
4.17397
4.1808
4.18762
4.19444
4.20126
4.20807
4.21489
4.2217
4.2285
4.23531
4.24211
4.2489
4.2557
4.26248
4.26927
4.27605
4.28282
4.28959
4.29635
4.30311
4.30987
4.31661
4.32335
4.33009
4.33681
4.34353
4.35024
4.35695
4.36364
4.37033
4.37701
4.38368
4.39035
4.397
4.40364
4.41028
4.4169
4.42351
4.43012
4.43671
4.44329
4.44986
4.45642
4.46296
4.46949
4.47601
4.48252
4.48902
4.4955
4.50196
4.50842
4.51486
4.52128
4.52769
4.53408
4.54046
4.54682
4.55317
4.5595
4.56581
4.5721
4.57838
4.58464
4.59088
4.5971
4.60331
4.60949
4.61566
4.6218
4.62793
4.63403
4.64011
4.64618
4.65222
4.65823
4.66423
4.67021
4.67616
4.68208
4.68799
4.69387
4.69973
4.70556
4.71136
4.71715
4.7229
4.72863
4.73433
4.74001
4.74566
4.75128
4.75688
4.76244
4.76798
4.77349
4.77897
4.78442
4.78984
4.79523
4.80059
4.80592
4.81122
4.81649
4.82172
4.82692
4.83209
4.83723
4.84233
4.8474
4.85243
4.85743
4.8624
4.86733
4.87223
4.87708
4.88191
4.88669
4.89144
4.89616
4.90083
4.90547
4.91007
4.91463
4.91915
4.92363
4.92808
4.93248
4.93684
4.94116
4.94545
4.94969
4.95388
4.95804
4.96216
4.96623
4.97026
4.97424
4.97819
4.98209
4.98594
4.98975
4.99352
4.99724
5.00092
5.00455
5.00814
5.01167
5.01517
5.01861
5.02201
5.02537
5.02867
5.03193
5.03514
5.0383
5.04141
5.04448
5.04749
5.05046
5.05337
5.05624
5.05906
5.06182
5.06454
5.0672
5.06982
5.07238
5.0749
5.07736
5.07977
5.08212
5.08443
5.08668
5.08888
5.09103
5.09313
5.09517
5.09716
5.0991
5.10098
5.10281
5.10459
5.10631
5.10797
5.10959
5.11115
5.11265
5.1141
5.1155
5.11684
5.11813
5.11936
5.12054
5.12166
5.12272
5.12373
5.12469
5.12559
5.12644
5.12722
5.12796
5.12864
5.12926
5.12983
5.13034
5.13079
5.13119
5.13154
5.13182
5.13206
5.13223
5.13235
5.13242
5.13243
5.13238
5.13228
5.13212
5.13191
5.13164
5.13131
5.13093
5.1305
5.13
5.12946
5.12886
5.1282
5.12749
5.12672
5.1259
5.12502
5.12409
5.12311
5.12207
5.12097
5.11982
5.11862
5.11736
5.11605
5.11469
5.11327
5.1118
5.11028
5.1087
5.10707
5.10539
5.10365
5.10186
5.10002
5.09813
5.09619
5.09419
5.09215
5.09005
5.0879
5.0857
5.08345
5.08115
5.0788
5.0764
5.07395
5.07145
5.0689
5.06631
5.06366
5.06097
5.05822
5.05543
5.0526
5.04971
5.04678
5.0438
5.04077
5.0377
5.03458
5.03142
5.02821
5.02496
5.02166
5.01831
5.01492
5.01149
5.00802
5.0045
5.00094
4.99733
4.99368
4.98999
4.98626
4.98249
4.97868
4.97482
4.97093
4.96699
4.96301
4.959
4.95495
4.95085
4.94672
4.94255
4.93834
4.9341
4.92981
4.92549
4.92114
4.91675
4.91232
4.90785
4.90335
4.89882
4.89425
4.88965
4.88501
4.88034
4.87564
4.8709
4.86613
4.86133
4.8565
4.85163
4.84674
4.84181
4.83686
4.83187
4.82685
4.82181
4.81673
4.81163
4.8065
4.80134
4.79615
4.79094
4.78569
4.78043
4.77513
4.76981
4.76446
4.75909
4.7537
4.74828
4.74283
4.73736
4.73187
4.72635
4.72081
4.71525
4.70967
4.70406
4.69844
4.69279
4.68712
4.68143
4.67572
4.66999
4.66424
4.65847
4.65268
4.64687
4.64105
4.6352
4.62934
4.62347
4.61757
4.61166
4.60573
4.59978
4.59382
4.58785
4.58185
4.57585
4.56983
4.56379
4.55774
4.55168
4.5456
4.53951
4.5334
4.52729
4.52116
4.51502
4.50887
4.5027
4.49653
4.49034
4.48414
4.47794
4.47172
4.46549
4.45925
4.45301
4.44675
4.44049
4.43422
4.42793
4.42164
4.41535
4.40904
4.40273
4.39641
4.39008
4.38375
4.37741
4.37107
4.36471
4.35836
4.35199
4.34563
4.33925
4.33288
4.32649
4.32011
4.31372
4.30732
4.30092
4.29452
4.28812
4.28171
4.2753
4.26889
4.26247
4.25605
4.24963
4.24321
4.23679
4.23036
4.22393
4.21751
4.21108
4.20465
4.19822
4.19179
4.18536
4.17893
4.1725
4.16607
4.15964
4.15321
4.14678
4.14036
4.13393
4.12751
4.12108
4.11466
4.10824
4.10183
4.09541
4.089
4.08259
4.07618
4.06977
4.06337
4.05697
4.05058
4.04418
4.03779
4.03141
4.02502
4.01865
4.01227
4.0059
3.99953
3.99317
3.98682
3.98046
3.97411
3.96777
3.96143
3.9551
3.94877
3.94245
3.93613
3.92982
3.92351
3.91721
3.91091
3.90462
3.89834
3.89206
3.88579
3.87953
3.87327
3.86702
3.86077
3.85453
3.8483
3.84207
3.83586
3.82964
3.82344
3.81724
3.81105
3.80487
3.7987
3.79253
3.78637
3.78022
3.77407
3.76793
3.7618
3.75568
3.74957
3.74347
3.73737
3.73128
3.7252
3.71913
3.71306
3.70701
3.70096
3.69492
3.68889
3.68287
3.67686
3.67086
3.66486
3.65888
3.6529
3.64693
3.64097
3.63502
3.62908
3.62315
3.61723
3.61132
3.60541
3.59952
3.59364
3.58776
3.58189
3.57604
3.57019
3.56435
3.55853
3.55271
3.5469
3.5411
3.53532
3.52954
3.52377
3.51801
3.51226
3.50652
3.50079
3.49507
3.48936
3.48366
3.47797
3.4723
3.46663
3.46097
3.45532
3.44968
3.44405
3.43844
3.43283
3.42723
3.42164
3.41607
3.4105
3.40494
3.3994
3.39386
3.38834
3.38282
3.37732
3.37182
3.36634
3.36087
3.3554
3.34995
3.34451
3.33908
3.33366
3.32825
3.32285
3.31746
3.31208
3.30671
3.30135
3.29601
3.29067
3.28534
3.28003
3.27472
3.26943
3.26415
3.25887
3.25361
3.24836
3.24312
3.23789
3.23267
3.22746
3.22226
3.21707
3.21189
3.20672
3.20156
3.19642
3.19128
3.18616
3.18104
3.17594
3.17084
3.16576
3.16069
3.15563
3.15058
3.14553
3.1405
3.13548
3.13048
3.12548
3.12049
3.11551
3.11054
3.10559
3.10064
3.0957
3.09078
3.08586
3.08096
3.07606
3.07118
3.0663
3.06144
3.05659
3.05175
3.04691
3.04209
3.03728
3.03248
3.02769
3.02291
3.01814
3.01338
3.00863
3.00389
2.99916
2.99444
2.98973
2.98503
2.98034
2.97567
2.971
2.96634
2.96169
2.95705
2.95243
2.94781
2.9432
2.9386
2.93401
2.92944
2.92487
2.92031
2.91576
2.91123
2.9067
2.90218
2.89767
2.89317
2.88869
2.88421
2.87974
2.87528
2.87083
2.86639
2.86196
2.85754
2.85313
2.84873
2.84434
2.83996
2.83559
2.83123
2.82688
2.82253
2.8182
2.81388
2.80956
2.80526
2.80096
2.79668
2.7924
2.78814
2.78388
2.77963
2.77539
2.77116
2.76695
2.76274
2.75853
2.75434
2.75016
2.74599
2.74182
2.73767
2.73352
2.72939
2.72526
2.72114
2.71703
2.71293
2.70884
2.70476
2.70069
2.69663
2.69257
2.68853
2.68449
2.68046
2.67644
2.67243
2.66843
2.66444
2.66046
2.65648
2.65252
2.64856
2.64461
2.64067
2.63674
2.63282
2.62891
2.625
2.62111
2.61722
2.61334
2.60947
2.60561
2.60175
2.59791
2.59407
2.59024
2.58642
2.58261
2.57881
2.57502
2.57123
2.56745
2.56368
2.55992
2.55617
2.55243
2.54869
2.54496
2.54124
2.53753
2.53383
2.53013
2.52645
2.52277
2.5191
2.51543
2.51178
2.50813
2.50449
2.50086
2.49724
2.49362
2.49002
2.48642
2.48283
2.47924
2.47567
2.4721
2.46854
2.46499
2.46144
2.45791
2.45438
2.45085
2.44734
2.44383
2.44034
2.43685
2.43336
2.42989
2.42642
2.42296
2.4195
2.41606
2.41262
2.40919
2.40577
2.40235
2.39894
2.39554
2.39215
2.38876
2.38538
2.38201
2.37865
2.37529
2.37194
2.36859
2.36526
2.36193
2.35861
2.35529
2.35199
2.34869
2.34539
2.34211
2.33883
2.33556
2.33229
2.32904
2.32578
2.32254
2.3193
2.31607
2.31285
2.30963
2.30642
2.30322
2.30003
2.29684
2.29365
2.29048
2.28731
2.28415
2.28099
2.27784
2.2747
2.27157
2.26844
2.26532
2.2622
2.25909
2.25599
2.25289
2.2498
2.24672
2.24364
2.24057
2.23751
2.23445
2.2314
2.22836
2.22532
2.22229
2.21926
2.21625
2.21323
2.21023
2.20723
2.20423
2.20125
2.19826
2.19529
2.19232
2.18936
2.1864
2.18345
2.18051
2.17757
2.17464
2.17171
2.16879
2.16588
2.16297
2.16007
2.15717
2.15428
2.1514
2.14852
2.14565
2.14278
2.13992
2.13707
2.13422
2.13137
2.12854
2.12571
2.12288
2.12006
2.11725
2.11444
2.11164
2.10884
2.10605
2.10326
2.10048
2.09771
2.09494
2.09218
2.08942
2.08667
2.08392
2.08118
2.07845
2.07572
2.07299
2.07027
2.06756
2.06485
2.06215
2.05945
2.05676
2.05408
2.0514
2.04872
2.04605
2.04339
2.04073
2.03807
2.03542
2.03278
2.03014
2.02751
2.02488
2.02226
2.01964
2.01703
2.01442
2.01182
2.00923
2.00663
2.00405
2.00147
1.99889
1.99632
1.99375
1.99119
1.98864
1.98609
1.98354
1.981
1.97846
1.97593
1.97341
1.97088
1.96837
1.96586
1.96335
1.96085
1.95835
1.95586
1.95337
1.95089
1.94841
1.94594
1.94347
1.94101
1.93855
1.9361
1.93365
1.93121
1.92877
1.92633
1.9239
1.92148
1.91906
1.91664
1.91423
1.91182
1.90942
1.90702
1.90463
1.90224
1.89986
1.89748
1.8951
1.89273
1.89037
1.88801
1.88565
1.8833
1.88095
1.8786
1.87627
1.87393
1.8716
1.86927
1.86695
1.86464
1.86232
1.86001
1.85771
1.85541
1.85311
1.85082
1.84854
1.84625
1.84398
1.8417
1.83943
1.83717
1.8349
1.83265
1.83039
1.82814
1.8259
1.82366
1.82142
1.81919
1.81696
1.81474
1.81252
1.8103
1.80809
1.80588
1.80368
1.80148
1.79928
1.79709
1.7949
1.79272
1.79054
1.78837
1.78619
1.78403
1.78186
1.7797
1.77755
1.77539
1.77325
1.7711
1.76896
1.76682
1.76469
1.76256
1.76044
1.75832
1.7562
1.75409
1.75198
1.74987
1.74777
1.74567
1.74358
1.74148
1.7394
1.73731
1.73523
1.73316
1.73109
1.72902
1.72695
1.72489
1.72283
1.72078
1.71873
1.71668
1.71464
1.7126
1.71056
1.70853
1.7065
1.70448
1.70246
1.70044
1.69842
1.69641
1.6944
1.6924
1.6904
1.6884
1.68641
1.68442
1.68243
1.68045
1.67847
1.67649
1.67452
1.67255
1.67059
1.66862
1.66666
1.66471
1.66276
1.66081
1.65886
1.65692
1.65498
1.65304
1.65111
1.64918
1.64726
1.64533
1.64342
1.6415
1.63959
1.63768
1.63577
1.63387
1.63197
1.63007
1.62818
1.62629
1.6244
1.62252
1.62064
1.61876
1.61689
1.61502
1.61315
1.61128
1.60942
1.60756
1.60571
1.60386
1.60201
1.60016
1.59832
1.59648
1.59464
1.59281
1.59098
1.58915
1.58733
1.5855
1.58369
1.58187
1.58006
1.57825
1.57644
1.57464
1.57284
1.57104
1.56925
1.56745
1.56567
1.56388
1.5621
1.56032
1.55854
1.55677
1.555
1.55323
1.55146
1.5497
1.54794
1.54618
1.54443
1.54268
1.54093
1.53918
1.53744
1.5357
1.53396
1.53223
1.5305
1.52877
1.52705
1.52532
1.5236
1.52188
1.52017
1.51846
1.51675
1.51504
1.51334
1.51164
1.50994
1.50824
1.50655
1.50486
1.50317
1.50149
1.4998
1.49813
1.49645
1.49477
1.4931
1.49143
1.48977
1.4881
1.48644
1.48478
1.48313
1.48147
1.47982
1.47818
1.47653
1.47489
1.47325
1.47161
1.46997
1.46834
1.46671
1.46508
1.46346
1.46184
1.46022
1.4586
1.45698
1.45537
1.45376
1.45215
1.45055
1.44894
1.44734
1.44575
1.44415
1.44256
1.44097
1.43938
1.43779
1.43621
1.43463
1.43305
1.43148
1.4299
1.42833
1.42676
1.4252
1.42363
1.42207
1.42051
1.41896
1.4174
1.41585
1.4143
1.41275
1.41121
1.40966
1.40812
1.40658
1.40505
1.40352
1.40198
1.40045
1.39893
1.3974
1.39588
1.39436
1.39284
1.39133
1.38982
1.3883
1.3868
1.38529
1.38378
1.38228
1.38078
1.37929
1.37779
1.3763
1.37481
1.37332
1.37183
1.37035
1.36886
1.36738
1.36591
1.36443
1.36296
1.36149
1.36002
1.35855
1.35708
1.35562
1.35416
1.3527
1.35125
1.34979
1.34834
1.34689
1.34544
1.34399
1.34255
1.34111
1.33967
1.33823
1.3368
1.33536
1.33393
1.3325
1.33107
1.32965
1.32822
1.3268
1.32538
1.32397
1.32255
1.32114
1.31973
1.31832
1.31691
1.3155
1.3141
1.3127
1.3113
1.3099
1.30851
1.30711
1.30572
1.30433
1.30295
1.30156
1.30018
1.29879
1.29741
1.29604
1.29466
1.29329
1.29191
1.29054
1.28918
1.28781
1.28645
1.28508
1.28372
1.28236
1.28101
1.27965
1.2783
1.27695
1.2756
1.27425
1.2729
1.27156
1.27022
1.26888
1.26754
1.2662
1.26487
1.26353
1.2622
1.26087
1.25955
1.25822
1.2569
1.25557
1.25425
1.25293
1.25162
1.2503
1.24899
1.24768
1.24637
1.24506
1.24375
1.24245
1.24115
1.23985
1.23855
1.23725
1.23595
1.23466
1.23337
1.23208
1.23079
1.2295
1.22822
1.22693
1.22565
1.22437
1.22309
1.22182
1.22054
1.21927
1.218
1.21672
1.21546
1.21419
1.21292
1.21166
1.2104
1.20914
1.20788
1.20662
1.20537
1.20412
1.20286
1.20161
1.20036
1.19912
1.19787
1.19663
1.19539
1.19415
1.19291
1.19167
1.19043
1.1892
1.18797
1.18674
1.18551
1.18428
1.18305
1.18183
1.1806
1.17938
1.17816
1.17695
1.17573
1.17451
1.1733
1.17209
1.17088
1.16967
1.16846
1.16725
1.16605
1.16485
1.16365
1.16245
1.16125
1.16005
1.15885
1.15766
1.15647
1.15528
1.15409
1.1529
1.15171
1.15053
1.14935
1.14816
1.14698
1.1458
1.14463
1.14345
1.14228
1.1411
1.13993
1.13876
1.13759
1.13643
1.13526
1.1341
1.13293
1.13177
1.13061
1.12945
1.1283
1.12714
1.12599
1.12483
1.12368
1.12253
1.12138
1.12023
1.11909
1.11794
1.1168
1.11566
1.11452
1.11338
1.11224
1.11111
1.10997
1.10884
1.10771
1.10658
1.10545
1.10432
1.10319
1.10207
1.10094
1.09982
1.0987
1.09758
1.09646
1.09534
1.09423
1.09311
1.092
1.09089
1.08978
1.08867
1.08756
1.08645
1.08535
1.08425
1.08314
1.08204
1.08094
1.07984
1.07875
1.07765
1.07655
1.07546
1.07437
1.07328
1.07219
1.0711
1.07001
1.06893
1.06784
1.06676
1.06568
1.0646
1.06352
1.06244
1.06136
1.06029
1.05921
1.05814
1.05707
1.056
1.05493
1.05386
1.05279
1.05173
1.05066
1.0496
1.04854
1.04747
1.04642
1.04536
1.0443
1.04324
1.04219
1.04114
1.04008
1.03903
1.03798
1.03693
1.03589
1.03484
1.03379
1.03275
1.03171
1.03067
1.02962
1.02859
1.02755
1.02651
1.02547
1.02444
1.02341
1.02237
1.02134
1.02031
1.01928
1.01826
1.01723
1.01621
1.01518
1.01416
1.01314
1.01212
1.0111
1.01008
1.00906
1.00804
1.00703
1.00601
1.005
1.00399
1.00298
1.00197
1.00096
0.999954
0.998948
0.997943
0.996939
0.995936
0.994934
0.993934
0.992934
0.991936
0.990938
0.989942
0.988947
0.987953
0.98696
0.985968
0.984977
0.983987
0.982999
0.982011
0.981024
0.980039
0.979055
0.978071
0.977089
0.976108
0.975127
0.974148
0.97317
0.972193
0.971217
0.970242
0.969268
0.968296
0.967324
0.966353
0.965383
0.964415
0.963447
0.96248
0.961515
0.96055
0.959587
0.958624
0.957663
0.956702
0.955743
0.954784
0.953827
0.95287
0.951915
0.950961
0.950007
0.949055
0.948103
0.947153
0.946204
0.945255
0.944308
0.943361
0.942416
0.941471
0.940528
0.939586
0.938644
0.937703
0.936764
0.935825
0.934888
0.933951
0.933016
0.932081
0.931147
0.930214
0.929283
0.928352
0.927422
0.926493
0.925565
0.924638
0.923712
0.922787
0.921863
0.920939
0.920017
0.919096
0.918175
0.917256
0.916337
0.91542
0.914503
0.913587
0.912673
0.911759
0.910846
0.909934
0.909023
0.908113
0.907203
0.906295
0.905388
0.904481
0.903576
0.902671
0.901767
0.900864
0.899962
0.899061
0.898161
0.897262
0.896363
0.895466
0.894569
0.893674
0.892779
0.891885
0.890992
0.8901
0.889209
0.888318
0.887429
0.88654
0.885653
0.884766
0.88388
0.882995
0.88211
0.881227
0.880345
0.879463
0.878582
0.877702
0.876823
0.875945
0.875068
0.874191
0.873316
0.872441
0.871567
0.870694
0.869822
0.868951
0.86808
0.86721
0.866342
0.865474
0.864606
0.86374
0.862875
0.86201
0.861146
0.860283
0.859421
0.85856
0.857699
0.85684
0.855981
0.855123
0.854266
0.853409
0.852554
0.851699
0.850845
0.849992
0.84914
0.848288
0.847438
0.846588
0.845739
0.844891
0.844043
0.843196
0.842351
0.841506
0.840661
0.839818
0.838975
0.838133
0.837292
0.836452
0.835612
0.834774
0.833936
0.833099
0.832262
0.831427
0.830592
0.829758
0.828925
0.828092
0.82726
0.826429
0.825599
0.82477
0.823941
0.823113
0.822286
0.82146
0.820635
0.81981
0.818986
0.818162
0.81734
0.816518
0.815697
0.814877
0.814057
0.813239
0.812421
0.811603
0.810787
0.809971
0.809156
0.808342
0.807528
0.806716
0.805903
0.805092
0.804282
0.803472
0.802663
0.801854
0.801047
0.80024
0.799433
0.798628
0.797823
0.797019
0.796216
0.795413
0.794612
0.79381
0.79301
0.79221
0.791411
0.790613
0.789816
0.789019
0.788223
0.787427
0.786632
0.785838
0.785045
0.784253
0.783461
0.78267
0.781879
0.781089
0.7803
0.779512
0.778724
0.777937
0.777151
0.776365
0.77558
0.774796
0.774012
0.77323
0.772447
0.771666
0.770885
0.770105
0.769326
0.768547
0.767769
0.766991
0.766215
0.765439
0.764663
0.763888
0.763114
0.762341
0.761568
0.760796
0.760025
0.759254
0.758484
0.757715
0.756946
0.756178
0.755411
0.754644
0.753878
0.753113
0.752348
0.751584
0.75082
0.750058
0.749296
0.748534
0.747773
0.747013
0.746254
0.745495
0.744736
0.743979
0.743222
0.742466
0.74171
0.740955
0.7402
0.739447
0.738694
0.737941
0.737189
0.736438
0.735688
0.734938
0.734188
0.73344
0.732691
0.731944
0.731197
0.730451
0.729706
0.728961
0.728216
0.727473
0.726729
0.725987
0.725245
0.724504
0.723763
0.723023
0.722284
0.721545
0.720807
0.72007
0.719333
0.718596
0.717861
0.717125
0.716391
0.715657
0.714924
0.714191
0.713459
0.712728
0.711997
0.711266
0.710537
0.709808
0.709079
0.708351
0.707624
0.706897
0.706171
0.705445
0.70472
0.703996
0.703272
0.702549
0.701827
0.701105
0.700383
0.699662
0.698942
0.698222
0.697503
0.696785
0.696067
0.695349
0.694633
0.693916
0.693201
0.692486
0.691771
0.691057
0.690344
0.689631
0.688919
0.688207
0.687496
0.686786
0.686076
0.685366
0.684658
0.683949
0.683242
0.682535
0.681828
0.681122
0.680417
0.679712
0.679007
0.678304
0.6776
0.676898
0.676196
0.675494
0.674793
0.674093
0.673393
0.672693
0.671995
0.671296
0.670599
0.669901
0.669205
0.668509
0.667813
0.667118
0.666424
0.66573
0.665036
0.664344
0.663651
0.66296
0.662268
0.661578
0.660888
0.660198
0.659509
0.65882
0.658132
0.657445
0.656758
0.656071
0.655386
0.6547
0.654015
0.653331
0.652647
0.651964
0.651281
0.650599
0.649917
0.649236
0.648555
0.647875
0.647196
0.646517
0.645838
0.64516
0.644482
0.643805
0.643129
0.642453
0.641777
0.641102
0.640428
0.639754
0.63908
0.638407
0.637735
0.637063
0.636392
0.635721
0.63505
0.63438
0.633711
0.633042
0.632374
0.631706
0.631038
0.630372
0.629705
0.629039
0.628374
0.627709
0.627045
0.626381
0.625717
0.625054
0.624392
0.62373
0.623069
0.622408
0.621747
0.621087
0.620428
0.619769
0.61911
0.618452
0.617795
0.617138
0.616481
0.615825
0.615169
0.614514
0.61386
0.613205
0.612552
0.611899
0.611246
0.610594
0.609942
0.609291
0.60864
0.607989
0.60734
0.60669
0.606041
0.605393
0.604745
0.604098
0.603451
0.602804
0.602158
0.601512
0.600867
0.600223
0.599578
0.598935
0.598291
0.597649
0.597006
0.596364
0.595723
0.595082
0.594442
0.593802
0.593162
0.592523
0.591884
0.591246
0.590608
0.589971
0.589334
0.588698
0.588062
0.587427
0.586792
0.586157
0.585523
0.58489
0.584256
0.583624
0.582991
0.58236
0.581728
0.581097
0.580467
0.579837
0.579207
0.578578
0.57795
0.577321
0.576694
0.576066
0.575439
0.574813
0.574187
0.573561
0.572936
0.572312
0.571687
0.571064
0.57044
0.569817
0.569195
0.568573
0.567951
0.56733
0.566709
0.566089
0.565469
0.56485
0.564231
0.563612
0.562994
0.562376
0.561759
0.561142
0.560526
0.55991
0.559294
0.558679
0.558065
0.55745
0.556837
0.556223
0.55561
0.554998
0.554386
0.553774
0.553163
0.552552
0.551941
0.551331
0.550722
0.550113
0.549504
0.548896
0.548288
0.54768
0.547073
0.546467
0.54586
0.545255
0.544649
0.544044
0.54344
0.542836
0.542232
0.541629
0.541026
0.540423
0.539821
0.53922
0.538618
0.538018
0.537417
0.536817
0.536218
0.535618
0.53502
0.534421
0.533823
0.533226
0.532629
0.532032
0.531436
0.53084
0.530244
0.529649
0.529055
0.52846
0.527866
0.527273
0.52668
0.526087
0.525495
0.524903
0.524312
0.523721
0.52313
0.52254
0.52195
0.52136
0.520771
0.520183
0.519594
0.519006
0.518419
0.517832
0.517245
0.516659
0.516073
0.515488
0.514903
0.514318
0.513734
0.51315
0.512566
0.511983
0.5114
0.510818
0.510236
0.509654
0.509073
0.508492
0.507912
0.507332
0.506752
0.506173
0.505594
0.505016
0.504438
0.50386
0.503283
0.502706
0.50213
0.501553
0.500978
0.500402
0.499827
0.499253
0.498679
0.498105
0.497531
0.496958
0.496386
0.495813
0.495241
0.49467
0.494099
0.493528
0.492958
0.492388
0.491818
0.491249
0.49068
0.490112
0.489543
0.488976
0.488408
0.487841
0.487275
0.486709
0.486143
0.485577
0.485012
0.484448
0.483883
0.483319
0.482756
0.482192
0.48163
0.481067
0.480505
0.479943
0.479382
0.478821
0.47826
0.4777
0.47714
0.476581
0.476022
0.475463
0.474905
0.474347
0.473789
0.473232
0.472675
0.472118
0.471562
0.471006
0.470451
0.469896
0.469341
0.468787
0.468233
0.467679
0.467126
0.466573
0.466021
0.465469
0.464917
0.464366
0.463814
0.463264
0.462714
0.462164
0.461614
0.461065
0.460516
0.459968
0.459419
0.458872
0.458324
0.457777
0.457231
0.456684
0.456138
0.455593
0.455048
0.454503
0.453958
0.453414
0.45287
0.452327
0.451784
0.451241
0.450699
0.450157
0.449615
0.449074
0.448533
0.447992
0.447452
0.446912
0.446373
0.445834
0.445295
0.444757
0.444219
0.443681
0.443144
0.442607
0.44207
0.441534
0.440998
0.440462
0.439927
0.439392
0.438858
0.438324
0.43779
0.437256
0.436723
0.436191
0.435658
0.435126
0.434595
0.434063
0.433532
0.433002
0.432472
0.431942
0.431412
0.430883
0.430354
0.429826
0.429298
0.42877
0.428242
0.427715
0.427189
0.426662
0.426136
0.425611
0.425085
0.42456
0.424036
0.423511
0.422988
0.422464
0.421941
0.421418
0.420895
0.420373
0.419852
0.41933
0.418809
0.418288
0.417768
0.417248
0.416728
0.416209
0.41569
0.415171
0.414653
0.414135
0.413617
0.4131
0.412583
0.412067
0.41155
0.411035
0.410519
0.410004
0.409489
0.408975
0.408461
0.407947
0.407433
0.40692
0.406408
0.405895
0.405383
0.404872
0.40436
0.403849
0.403339
0.402828
0.402319
0.401809
0.4013
0.400791
0.400282
0.399774
0.399266
0.398759
0.398252
0.397745
0.397238
0.396732
0.396227
0.395721
0.395216
0.394712
0.394207
0.393703
0.3932
0.392696
0.392193
0.391691
0.391189
0.390687
0.390185
0.389684
0.389183
0.388682
0.388182
0.387683
0.387183
0.386684
0.386185
0.385687
0.385189
0.384691
0.384194
0.383697
0.3832
0.382704
0.382208
0.381712
0.381217
0.380722
0.380227
0.379733
0.379239
0.378746
0.378253
0.37776
0.377267
0.376775
0.376284
0.375792
0.375301
0.37481
0.37432
0.37383
0.373341
0.372851
0.372362
0.371874
0.371385
0.370898
0.37041
0.369923
0.369436
0.36895
0.368464
0.367978
0.367492
0.367007
0.366523
0.366038
0.365554
0.365071
0.364587
0.364104
0.363622
0.36314
0.362658
0.362176
0.361695
0.361214
0.360734
0.360254
0.359774
0.359295
0.358816
0.358337
0.357859
0.357381
0.356903
0.356426
0.355949
0.355473
0.354997
0.354521
0.354046
0.353571
0.353096
0.352622
0.352148
0.351674
0.351201
0.350728
0.350255
0.349783
0.349311
0.34884
0.348369
0.347898
0.347428
0.346958
0.346488
0.346019
0.34555
0.345082
0.344613
0.344146
0.343678
0.343211
0.342745
0.342278
0.341812
0.341347
0.340881
0.340417
0.339952
0.339488
0.339024
0.338561
0.338098
0.337635
0.337173
0.336711
0.33625
0.335789
0.335328
0.334868
0.334408
0.333948
0.333489
0.33303
0.332571
0.332113
0.331655
0.331198
0.330741
0.330284
0.329828
0.329372
0.328917
0.328462
0.328007
0.327553
0.327099
0.326645
0.326192
0.325739
0.325287
0.324835
0.324383
0.323932
0.323481
0.32303
0.32258
0.322131
0.321681
0.321232
0.320784
0.320336
0.319888
0.31944
0.318993
0.318547
0.318101
0.317655
0.317209
0.316764
0.31632
0.315875
0.315432
0.314988
0.314545
0.314102
0.31366
0.313218
0.312777
0.312336
0.311895
0.311455
0.311015
0.310575
0.310136
0.309698
0.309259
0.308822
0.308384
0.307947
0.307511
0.307074
0.306639
0.306203
0.305768
0.305334
0.304899
0.304466
0.304032
0.303599
0.303167
0.302735
0.302303
0.301872
0.301441
0.301011
0.300581
0.300151
0.299722
0.299293
0.298865
0.298437
0.298009
0.297582
0.297156
0.29673
0.296304
0.295878
0.295454
0.295029
0.294605
0.294181
0.293758
0.293335
0.292913
0.292491
0.29207
0.291649
0.291228
0.290808
0.290388
0.289969
0.28955
0.289132
0.288714
0.288296
0.287879
0.287463
0.287047
0.286631
0.286216
0.285801
0.285387
0.284973
0.284559
0.284146
0.283734
0.283322
0.28291
0.282499
0.282088
0.281678
0.281268
0.280859
0.28045
0.280041
0.279634
0.279226
0.278819
0.278413
0.278007
0.277601
0.277196
0.276791
0.276387
0.275983
0.27558
0.275177
0.274775
0.274373
0.273972
0.273571
0.273171
0.272771
0.272372
0.271973
0.271574
0.271177
0.270779
0.270382
0.269986
0.26959
0.269194
0.2688
0.268405
0.268011
0.267618
0.267225
0.266832
0.266441
0.266049
0.265658
0.265268
0.264878
0.264489
0.2641
0.263711
0.263324
0.262936
0.262549
0.262163
0.261777
0.261392
0.261008
0.260623
0.26024
0.259857
0.259474
0.259092
0.258711
0.25833
0.257949
0.257569
0.25719
0.256811
0.256433
0.256055
0.255678
0.255301
0.254925
0.254549
0.254174
0.2538
0.253426
0.253053
0.25268
0.252308
0.251936
0.251565
0.251195
0.250825
0.250455
0.250086
0.249718
0.249351
0.248983
0.248617
0.248251
0.247886
0.247521
0.247157
0.246793
0.24643
0.246068
0.245706
0.245344
0.244984
0.244624
0.244264
0.243905
0.243547
0.243189
0.242832
0.242476
0.24212
0.241765
0.24141
0.241056
0.240703
0.24035
0.239998
0.239647
0.239296
0.238945
0.238596
0.238247
0.237898
0.237551
0.237204
0.236857
0.236511
0.236166
0.235821
0.235478
0.235134
0.234792
0.23445
0.234109
0.233768
0.233428
0.233089
0.23275
0.232412
0.232075
0.231738
0.231402
0.231067
0.230732
0.230398
0.230065
0.229732
0.229401
0.229069
0.228739
0.228409
0.22808
0.227751
0.227424
0.227097
0.22677
0.226445
0.22612
0.225796
0.225472
0.225149
0.224827
0.224506
0.224185
0.223865
0.223546
0.223228
0.22291
0.222593
0.222277
0.221961
0.221647
0.221333
0.221019
0.220707
0.220395
0.220084
0.219774
0.219464
0.219156
0.218848
0.218541
0.218234
0.217929
0.217624
0.21732
0.217016
0.216714
0.216412
0.216111
0.215811
0.215511
0.215213
0.214915
0.214618
0.214322
0.214026
0.213732
0.213438
0.213145
0.212853
0.212562
0.212271
0.211982
0.211693
0.211405
0.211118
0.210831
0.210546
0.210261
0.209977
0.209694
0.209412
0.209131
0.20885
0.208571
0.208292
0.208014
0.207737
0.207461
0.207186
0.206912
0.206638
0.206366
0.206094
0.205823
0.205553
0.205284
0.205016
0.204749
0.204483
0.204217
0.203953
0.203689
0.203426
0.203165
0.202904
0.202644
0.202385
0.202127
0.20187
0.201613
0.201358
0.201104
0.20085
0.200598
0.200347
0.200096
0.199846
0.199598
0.19935
0.199103
0.198858
0.198613
0.198369
0.198126
0.197884
0.197644
0.197404
0.197165
0.196927
0.19669
0.196454
0.196219
0.195986
0.195753
0.195521
0.19529
0.19506
0.194831
0.194604
0.194377
0.194151
0.193926
0.193703
0.19348
0.193259
0.193038
0.192819
0.1926
0.192383
0.192166
0.191951
0.191737
0.191524
0.191312
0.191101
0.190891
0.190682
0.190474
0.190268
0.190062
0.189858
0.189654
0.189452
0.189251
0.189051
0.188852
0.188654
0.188457
0.188261
0.188067
0.187874
0.187681
0.18749
0.1873
0.187111
0.186923
0.186737
0.186551
0.186367
0.186184
0.186002
0.185821
0.185641
0.185463
0.185286
0.185109
0.184934
0.18476
0.184588
0.184416
0.184246
0.184077
0.183909
0.183742
0.183577
0.183412
0.183249
0.183087
0.182926
0.182767
0.182608
0.182451
0.182295
0.182141
0.181987
0.181835
0.181684
0.181534
0.181386
0.181238
0.181092
0.180948
0.180804
0.180662
0.180521
0.180381
0.180242
0.180105
0.179969
0.179834
0.1797
0.179568
0.179437
0.179307
0.179179
0.179052
0.178926
0.178801
0.178678
0.178556
0.178435
0.178316
0.178197
0.178081
0.177965
0.177851
0.177738
0.177626
0.177516
0.177407
0.177299
0.177192
0.177087
0.176984
0.176881
0.17678
0.17668
0.176582
0.176484
0.176389
0.176294
0.176201
0.176109
0.176019
0.175929
0.175842
0.175755
0.17567
0.175586
0.175504
0.175423
0.175343
0.175265
0.175188
0.175112
0.175038
0.174965
0.174893
0.174823
0.174754
0.174687
0.174621
0.174556
0.174493
0.174431
0.17437
0.174311
0.174253
0.174196
0.174141
0.174087
0.174035
0.173984
0.173935
0.173886
0.17384
0.173794
0.17375
0.173707
0.173666
0.173626
0.173588
0.173551
0.173515
0.173481
0.173448
0.173416
0.173386
0.173357
0.17333
0.173304
0.17328
0.173256
0.173235
0.173214
0.173195
0.173178
0.173162
0.173147
0.173134
0.173122
0.173111
0.173102
0.173094
0.173088
0.173083
0.17308
0.173078
0.173077
0.173078
0.17308
0.173083
0.173088
0.173094
0.173102
0.173111
0.173122
0.173134
0.173147
0.173162
0.173178
0.173195
0.173214
0.173235
0.173256
0.17328
0.173304
0.17333
0.173357
0.173386
0.173416
0.173448
0.173481
0.173515
0.173551
0.173588
0.173626
0.173666
0.173707
0.17375
0.173794
0.173839
0.173886
0.173934
0.173984
0.174035
0.174087
0.174141
0.174196
0.174253
0.174311
0.17437
0.17443
0.174492
0.174556
0.17462
0.174687
0.174754
0.174823
0.174893
0.174965
0.175038
0.175112
0.175188
0.175265
0.175343
0.175423
0.175504
0.175586
0.17567
0.175755
0.175841
0.175929
0.176018
0.176109
0.176201
0.176294
0.176388
0.176484
0.176581
0.17668
0.17678
0.176881
0.176983
0.177087
0.177192
0.177299
0.177406
0.177515
0.177626
0.177737
0.17785
0.177965
0.17808
0.178197
0.178315
0.178435
0.178556
0.178678
0.178801
0.178926
0.179051
0.179179
0.179307
0.179437
0.179568
0.1797
0.179834
0.179968
0.180104
0.180242
0.18038
0.18052
0.180661
0.180804
0.180947
0.181092
0.181238
0.181385
0.181534
0.181684
0.181835
0.181987
0.18214
0.182295
0.182451
0.182608
0.182766
0.182926
0.183087
0.183249
0.183412
0.183576
0.183742
0.183909
0.184076
0.184246
0.184416
0.184587
0.18476
0.184934
0.185109
0.185285
0.185463
0.185641
0.185821
0.186002
0.186184
0.186367
0.186551
0.186736
0.186923
0.187111
0.1873
0.18749
0.187681
0.187873
0.188066
0.188261
0.188457
0.188653
0.188851
0.18905
0.18925
0.189451
0.189654
0.189857
0.190062
0.190267
0.190474
0.190682
0.19089
0.1911
0.191311
0.191523
0.191737
0.191951
0.192166
0.192382
0.1926
0.192818
0.193038
0.193258
0.19348
0.193702
0.193926
0.194151
0.194376
0.194603
0.194831
0.19506
0.195289
0.19552
0.195752
0.195985
0.196219
0.196454
0.19669
0.196927
0.197164
0.197403
0.197643
0.197884
0.198126
0.198369
0.198612
0.198857
0.199103
0.19935
0.199597
0.199846
0.200095
0.200346
0.200597
0.20085
0.201103
0.201358
0.201613
0.201869
0.202126
0.202384
0.202643
0.202903
0.203164
0.203426
0.203689
0.203952
0.204217
0.204482
0.204748
0.205016
0.205284
0.205553
0.205823
0.206093
0.206365
0.206638
0.206911
0.207186
0.207461
0.207737
0.208014
0.208292
0.20857
0.20885
0.20913
0.209412
0.209694
0.209977
0.21026
0.210545
0.210831
0.211117
0.211404
0.211692
0.211981
0.212271
0.212561
0.212852
0.213145
0.213437
0.213731
0.214026
0.214321
0.214617
0.214914
0.215212
0.215511
0.21581
0.21611
0.216411
0.216713
0.217016
0.217319
0.217623
0.217928
0.218234
0.21854
0.218847
0.219155
0.219464
0.219773
0.220084
0.220395
0.220706
0.221019
0.221332
0.221646
0.221961
0.222276
0.222593
0.22291
0.223227
0.223546
0.223865
0.224185
0.224505
0.224827
0.225149
0.225471
0.225795
0.226119
0.226444
0.22677
0.227096
0.227423
0.227751
0.228079
0.228408
0.228738
0.229069
0.2294
0.229732
0.230064
0.230398
0.230732
0.231066
0.231401
0.231737
0.232074
0.232411
0.232749
0.233088
0.233427
0.233767
0.234108
0.234449
0.234791
0.235134
0.235477
0.235821
0.236165
0.23651
0.236856
0.237203
0.23755
0.237898
0.238246
0.238595
0.238945
0.239295
0.239646
0.239997
0.240349
0.240702
0.241056
0.24141
0.241764
0.242119
0.242475
0.242832
0.243189
0.243546
0.243905
0.244264
0.244623
0.244983
0.245344
0.245705
0.246067
0.246429
0.246792
0.247156
0.24752
0.247885
0.24825
0.248616
0.248983
0.24935
0.249717
0.250086
0.250454
0.250824
0.251194
0.251564
0.251935
0.252307
0.252679
0.253052
0.253425
0.253799
0.254174
0.254549
0.254924
0.2553
0.255677
0.256054
0.256432
0.25681
0.257189
0.257568
0.257948
0.258329
0.25871
0.259091
0.259473
0.259856
0.260239
0.260623
0.261007
0.261391
0.261777
0.262162
0.262549
0.262935
0.263323
0.263711
0.264099
0.264488
0.264877
0.265267
0.265657
0.266048
0.26644
0.266832
0.267224
0.267617
0.26801
0.268404
0.268799
0.269194
0.269589
0.269985
0.270381
0.270778
0.271176
0.271574
0.271972
0.272371
0.27277
0.27317
0.27357
0.273971
0.274372
0.274774
0.275177
0.275579
0.275982
0.276386
0.27679
0.277195
0.2776
0.278006
0.278412
0.278818
0.279225
0.279633
0.280041
0.280449
0.280858
0.281267
0.281677
0.282087
0.282498
0.282909
0.283321
0.283733
0.284145
0.284558
0.284972
0.285386
0.2858
0.286215
0.28663
0.287046
0.287462
0.287879
0.288296
0.288713
0.289131
0.289549
0.289968
0.290387
0.290807
0.291227
0.291648
0.292069
0.29249
0.292912
0.293335
0.293757
0.29418
0.294604
0.295028
0.295453
0.295878
0.296303
0.296729
0.297155
0.297581
0.298009
0.298436
0.298864
0.299292
0.299721
0.30015
0.30058
0.30101
0.30144
0.301871
0.302302
0.302734
0.303166
0.303599
0.304031
0.304465
0.304899
0.305333
0.305767
0.306202
0.306638
0.307073
0.30751
0.307946
0.308383
0.308821
0.309259
0.309697
0.310135
0.310575
0.311014
0.311454
0.311894
0.312335
0.312776
0.313217
0.313659
0.314101
0.314544
0.314987
0.315431
0.315874
0.316319
0.316763
0.317208
0.317654
0.3181
0.318546
0.318992
0.319439
0.319887
0.320335
0.320783
0.321231
0.32168
0.32213
0.322579
0.323029
0.32348
0.323931
0.324382
0.324834
0.325286
0.325738
0.326191
0.326644
0.327098
0.327552
0.328006
0.328461
0.328916
0.329371
0.329827
0.330283
0.33074
0.331197
0.331654
0.332112
0.33257
0.333029
0.333488
0.333947
0.334407
0.334867
0.335327
0.335788
0.336249
0.33671
0.337172
0.337634
0.338097
0.33856
0.339023
0.339487
0.339951
0.340416
0.340881
0.341346
0.341811
0.342277
0.342744
0.34321
0.343677
0.344145
0.344612
0.345081
0.345549
0.346018
0.346487
0.346957
0.347427
0.347897
0.348368
0.348839
0.34931
0.349782
0.350254
0.350727
0.3512
0.351673
0.352147
0.352621
0.353095
0.35357
0.354045
0.35452
0.354996
0.355472
0.355948
0.356425
0.356902
0.35738
0.357858
0.358336
0.358815
0.359294
0.359773
0.360253
0.360733
0.361213
0.361694
0.362175
0.362657
0.363139
0.363621
0.364103
0.364586
0.36507
0.365553
0.366037
0.366522
0.367006
0.367491
0.367977
0.368462
0.368949
0.369435
0.369922
0.370409
0.370897
0.371384
0.371873
0.372361
0.37285
0.373339
0.373829
0.374319
0.374809
0.3753
0.375791
0.376283
0.376774
0.377266
0.377759
0.378252
0.378745
0.379238
0.379732
0.380226
0.380721
0.381216
0.381711
0.382207
0.382703
0.383199
0.383696
0.384193
0.38469
0.385188
0.385686
0.386184
0.386683
0.387182
0.387682
0.388181
0.388681
0.389182
0.389683
0.390184
0.390686
0.391187
0.39169
0.392192
0.392695
0.393199
0.393702
0.394206
0.394711
0.395215
0.39572
0.396226
0.396731
0.397237
0.397744
0.398251
0.398758
0.399265
0.399773
0.400281
0.40079
0.401299
0.401808
0.402317
0.402827
0.403338
0.403848
0.404359
0.404871
0.405382
0.405894
0.406407
0.406919
0.407432
0.407946
0.408459
0.408974
0.409488
0.410003
0.410518
0.411033
0.411549
0.412066
0.412582
0.413099
0.413616
0.414134
0.414652
0.41517
0.415689
0.416208
0.416727
0.417247
0.417767
0.418287
0.418808
0.419329
0.41985
0.420372
0.420894
0.421417
0.42194
0.422463
0.422986
0.42351
0.424035
0.424559
0.425084
0.425609
0.426135
0.426661
0.427187
0.427714
0.428241
0.428769
0.429296
0.429825
0.430353
0.430882
0.431411
0.431941
0.43247
0.433001
0.433531
0.434062
0.434593
0.435125
0.435657
0.43619
0.436722
0.437255
0.437789
0.438322
0.438857
0.439391
0.439926
0.440461
0.440997
0.441533
0.442069
0.442605
0.443142
0.44368
0.444217
0.444756
0.445294
0.445833
0.446372
0.446911
0.447451
0.447991
0.448532
0.449073
0.449614
0.450156
0.450698
0.45124
0.451783
0.452326
0.452869
0.453413
0.453957
0.454502
0.455046
0.455592
0.456137
0.456683
0.457229
0.457776
0.458323
0.45887
0.459418
0.459966
0.460515
0.461064
0.461613
0.462162
0.462712
0.463263
0.463813
0.464364
0.464916
0.465468
0.46602
0.466572
0.467125
0.467678
0.468232
0.468786
0.46934
0.469895
0.47045
0.471005
0.471561
0.472117
0.472674
0.473231
0.473788
0.474345
0.474903
0.475462
0.476021
0.47658
0.477139
0.477699
0.478259
0.47882
0.479381
0.479942
0.480504
0.481066
0.481628
0.482191
0.482754
0.483318
0.483882
0.484446
0.485011
0.485576
0.486142
0.486707
0.487274
0.48784
0.488407
0.488975
0.489542
0.49011
0.490679
0.491248
0.491817
0.492387
0.492957
0.493527
0.494098
0.494669
0.49524
0.495812
0.496384
0.496957
0.49753
0.498104
0.498677
0.499252
0.499826
0.500401
0.500977
0.501552
0.502128
0.502705
0.503282
0.503859
0.504437
0.505015
0.505593
0.506172
0.506751
0.507331
0.507911
0.508491
0.509072
0.509653
0.510235
0.510817
0.511399
0.511982
0.512565
0.513148
0.513732
0.514317
0.514901
0.515486
0.516072
0.516658
0.517244
0.517831
0.518418
0.519005
0.519593
0.520181
0.52077
0.521359
0.521949
0.522538
0.523129
0.523719
0.52431
0.524902
0.525494
0.526086
0.526679
0.527272
0.527865
0.528459
0.529053
0.529648
0.530243
0.530839
0.531434
0.532031
0.532628
0.533225
0.533822
0.53442
0.535018
0.535617
0.536216
0.536816
0.537416
0.538016
0.538617
0.539218
0.53982
0.540422
0.541025
0.541627
0.542231
0.542834
0.543439
0.544043
0.544648
0.545253
0.545859
0.546465
0.547072
0.547679
0.548286
0.548894
0.549503
0.550111
0.550721
0.55133
0.55194
0.552551
0.553161
0.553773
0.554384
0.554996
0.555609
0.556222
0.556835
0.557449
0.558063
0.558678
0.559293
0.559909
0.560525
0.561141
0.561758
0.562375
0.562993
0.563611
0.564229
0.564848
0.565468
0.566088
0.566708
0.567329
0.56795
0.568571
0.569194
0.569816
0.570439
0.571062
0.571686
0.57231
0.572935
0.57356
0.574186
0.574812
0.575438
0.576065
0.576692
0.57732
0.577948
0.578577
0.579206
0.579836
0.580466
0.581096
0.581727
0.582358
0.58299
0.583622
0.584255
0.584888
0.585522
0.586156
0.58679
0.587425
0.588061
0.588697
0.589333
0.58997
0.590607
0.591245
0.591883
0.592522
0.593161
0.5938
0.59444
0.595081
0.595722
0.596363
0.597005
0.597647
0.59829
0.598933
0.599577
0.600221
0.600866
0.601511
0.602157
0.602803
0.603449
0.604096
0.604744
0.605392
0.60604
0.606689
0.607338
0.607988
0.608638
0.609289
0.609941
0.610592
0.611245
0.611897
0.61255
0.613204
0.613858
0.614513
0.615168
0.615824
0.61648
0.617136
0.617793
0.618451
0.619109
0.619767
0.620426
0.621086
0.621746
0.622406
0.623067
0.623729
0.624391
0.625053
0.625716
0.626379
0.627043
0.627708
0.628373
0.629038
0.629704
0.63037
0.631037
0.631704
0.632372
0.633041
0.63371
0.634379
0.635049
0.635719
0.63639
0.637062
0.637734
0.638406
0.639079
0.639752
0.640426
0.641101
0.641776
0.642451
0.643127
0.643804
0.644481
0.645159
0.645837
0.646515
0.647194
0.647874
0.648554
0.649235
0.649916
0.650598
0.65128
0.651963
0.652646
0.65333
0.654014
0.654699
0.655384
0.65607
0.656756
0.657443
0.658131
0.658819
0.659507
0.660196
0.660886
0.661576
0.662267
0.662958
0.66365
0.664342
0.665035
0.665728
0.666422
0.667117
0.667812
0.668507
0.669203
0.6699
0.670597
0.671295
0.671993
0.672692
0.673391
0.674091
0.674792
0.675493
0.676194
0.676896
0.677599
0.678302
0.679006
0.67971
0.680415
0.681121
0.681827
0.682533
0.68324
0.683948
0.684656
0.685365
0.686074
0.686784
0.687495
0.688206
0.688918
0.68963
0.690342
0.691056
0.69177
0.692484
0.693199
0.693915
0.694631
0.695348
0.696065
0.696783
0.697502
0.698221
0.698941
0.699661
0.700382
0.701103
0.701825
0.702548
0.703271
0.703995
0.704719
0.705444
0.706169
0.706896
0.707622
0.70835
0.709078
0.709806
0.710535
0.711265
0.711995
0.712726
0.713457
0.71419
0.714922
0.715656
0.716389
0.717124
0.717859
0.718595
0.719331
0.720068
0.720806
0.721544
0.722282
0.723022
0.723762
0.724502
0.725244
0.725985
0.726728
0.727471
0.728215
0.728959
0.729704
0.73045
0.731196
0.731943
0.73269
0.733438
0.734187
0.734936
0.735686
0.736437
0.737188
0.73794
0.738692
0.739445
0.740199
0.740953
0.741708
0.742464
0.74322
0.743977
0.744735
0.745493
0.746252
0.747011
0.747772
0.748532
0.749294
0.750056
0.750819
0.751582
0.752346
0.753111
0.753877
0.754643
0.755409
0.756177
0.756945
0.757713
0.758483
0.759253
0.760023
0.760795
0.761567
0.762339
0.763113
0.763887
0.764662
0.765437
0.766213
0.76699
0.767767
0.768545
0.769324
0.770103
0.770883
0.771664
0.772446
0.773228
0.774011
0.774794
0.775579
0.776364
0.777149
0.777935
0.778722
0.77951
0.780299
0.781088
0.781877
0.782668
0.783459
0.784251
0.785044
0.785837
0.786631
0.787426
0.788221
0.789017
0.789814
0.790611
0.79141
0.792209
0.793008
0.793809
0.79461
0.795412
0.796214
0.797018
0.797822
0.798626
0.799432
0.800238
0.801045
0.801853
0.802661
0.80347
0.80428
0.80509
0.805902
0.806714
0.807527
0.80834
0.809154
0.809969
0.810785
0.811602
0.812419
0.813237
0.814056
0.814875
0.815695
0.816516
0.817338
0.818161
0.818984
0.819808
0.820633
0.821458
0.822285
0.823112
0.82394
0.824768
0.825598
0.826428
0.827259
0.82809
0.828923
0.829756
0.83059
0.831425
0.83226
0.833097
0.833934
0.834772
0.835611
0.83645
0.83729
0.838132
0.838973
0.839816
0.84066
0.841504
0.842349
0.843195
0.844041
0.844889
0.845737
0.846586
0.847436
0.848287
0.849138
0.84999
0.850843
0.851697
0.852552
0.853408
0.854264
0.855121
0.855979
0.856838
0.857698
0.858558
0.859419
0.860282
0.861145
0.862008
0.862873
0.863738
0.864605
0.865472
0.86634
0.867209
0.868078
0.868949
0.86982
0.870692
0.871565
0.872439
0.873314
0.87419
0.875066
0.875943
0.876821
0.8777
0.87858
0.879461
0.880343
0.881225
0.882109
0.882993
0.883878
0.884764
0.885651
0.886538
0.887427
0.888316
0.889207
0.890098
0.89099
0.891883
0.892777
0.893672
0.894568
0.895464
0.896362
0.89726
0.898159
0.899059
0.89996
0.900862
0.901765
0.902669
0.903574
0.904479
0.905386
0.906293
0.907201
0.908111
0.909021
0.909932
0.910844
0.911757
0.912671
0.913586
0.914501
0.915418
0.916335
0.917254
0.918173
0.919094
0.920015
0.920937
0.921861
0.922785
0.92371
0.924636
0.925563
0.926491
0.92742
0.92835
0.929281
0.930212
0.931145
0.932079
0.933014
0.933949
0.934886
0.935823
0.936762
0.937702
0.938642
0.939584
0.940526
0.94147
0.942414
0.943359
0.944306
0.945253
0.946202
0.947151
0.948101
0.949053
0.950005
0.950959
0.951913
0.952868
0.953825
0.954782
0.955741
0.9567
0.957661
0.958622
0.959585
0.960548
0.961513
0.962478
0.963445
0.964413
0.965381
0.966351
0.967322
0.968294
0.969266
0.97024
0.971215
0.972191
0.973168
0.974146
0.975125
0.976106
0.977087
0.978069
0.979053
0.980037
0.981022
0.982009
0.982997
0.983985
0.984975
0.985966
0.986958
0.987951
0.988945
0.98994
0.990936
0.991934
0.992932
0.993932
0.994932
0.995934
0.996937
0.997941
0.998946
0.999952
1.00096
1.00197
1.00298
1.00399
1.005
1.00601
1.00703
1.00804
1.00906
1.01008
1.01109
1.01211
1.01313
1.01416
1.01518
1.0162
1.01723
1.01825
1.01928
1.02031
1.02134
1.02237
1.0234
1.02444
1.02547
1.02651
1.02755
1.02858
1.02962
1.03066
1.0317
1.03275
1.03379
1.03484
1.03588
1.03693
1.03798
1.03903
1.04008
1.04113
1.04219
1.04324
1.0443
1.04535
1.04641
1.04747
1.04853
1.0496
1.05066
1.05172
1.05279
1.05386
1.05492
1.05599
1.05706
1.05814
1.05921
1.06028
1.06136
1.06244
1.06351
1.06459
1.06568
1.06676
1.06784
1.06892
1.07001
1.0711
1.07219
1.07328
1.07437
1.07546
1.07655
1.07765
1.07874
1.07984
1.08094
1.08204
1.08314
1.08424
1.08535
1.08645
1.08756
1.08867
1.08978
1.09089
1.092
1.09311
1.09423
1.09534
1.09646
1.09758
1.0987
1.09982
1.10094
1.10206
1.10319
1.10432
1.10544
1.10657
1.1077
1.10884
1.10997
1.1111
1.11224
1.11338
1.11452
1.11566
1.1168
1.11794
1.11909
1.12023
1.12138
1.12253
1.12368
1.12483
1.12598
1.12714
1.12829
1.12945
1.13061
1.13177
1.13293
1.13409
1.13526
1.13642
1.13759
1.13876
1.13993
1.1411
1.14227
1.14345
1.14462
1.1458
1.14698
1.14816
1.14934
1.15053
1.15171
1.1529
1.15409
1.15528
1.15647
1.15766
1.15885
1.16005
1.16124
1.16244
1.16364
1.16484
1.16605
1.16725
1.16846
1.16967
1.17087
1.17208
1.1733
1.17451
1.17573
1.17694
1.17816
1.17938
1.1806
1.18183
1.18305
1.18428
1.1855
1.18673
1.18796
1.1892
1.19043
1.19167
1.1929
1.19414
1.19538
1.19663
1.19787
1.19911
1.20036
1.20161
1.20286
1.20411
1.20537
1.20662
1.20788
1.20914
1.2104
1.21166
1.21292
1.21419
1.21545
1.21672
1.21799
1.21926
1.22054
1.22181
1.22309
1.22437
1.22565
1.22693
1.22821
1.2295
1.23079
1.23208
1.23337
1.23466
1.23595
1.23725
1.23854
1.23984
1.24115
1.24245
1.24375
1.24506
1.24637
1.24768
1.24899
1.2503
1.25162
1.25293
1.25425
1.25557
1.25689
1.25822
1.25954
1.26087
1.2622
1.26353
1.26486
1.2662
1.26754
1.26887
1.27021
1.27156
1.2729
1.27425
1.27559
1.27694
1.27829
1.27965
1.281
1.28236
1.28372
1.28508
1.28644
1.28781
1.28917
1.29054
1.29191
1.29328
1.29466
1.29603
1.29741
1.29879
1.30017
1.30156
1.30294
1.30433
1.30572
1.30711
1.30851
1.3099
1.3113
1.3127
1.3141
1.3155
1.31691
1.31831
1.31972
1.32113
1.32255
1.32396
1.32538
1.3268
1.32822
1.32964
1.33107
1.3325
1.33393
1.33536
1.33679
1.33823
1.33967
1.34111
1.34255
1.34399
1.34544
1.34689
1.34834
1.34979
1.35124
1.3527
1.35416
1.35562
1.35708
1.35855
1.36001
1.36148
1.36295
1.36443
1.3659
1.36738
1.36886
1.37034
1.37183
1.37331
1.3748
1.37629
1.37779
1.37928
1.38078
1.38228
1.38378
1.38529
1.38679
1.3883
1.38981
1.39133
1.39284
1.39436
1.39588
1.3974
1.39892
1.40045
1.40198
1.40351
1.40505
1.40658
1.40812
1.40966
1.4112
1.41275
1.4143
1.41585
1.4174
1.41895
1.42051
1.42207
1.42363
1.42519
1.42676
1.42833
1.4299
1.43147
1.43305
1.43463
1.43621
1.43779
1.43938
1.44096
1.44256
1.44415
1.44574
1.44734
1.44894
1.45054
1.45215
1.45376
1.45537
1.45698
1.45859
1.46021
1.46183
1.46345
1.46508
1.46671
1.46834
1.46997
1.47161
1.47324
1.47488
1.47653
1.47817
1.47982
1.48147
1.48312
1.48478
1.48644
1.4881
1.48976
1.49143
1.4931
1.49477
1.49645
1.49812
1.4998
1.50148
1.50317
1.50486
1.50655
1.50824
1.50994
1.51163
1.51333
1.51504
1.51674
1.51845
1.52017
1.52188
1.5236
1.52532
1.52704
1.52877
1.5305
1.53223
1.53396
1.5357
1.53744
1.53918
1.54093
1.54267
1.54443
1.54618
1.54794
1.5497
1.55146
1.55322
1.55499
1.55676
1.55854
1.56031
1.56209
1.56388
1.56566
1.56745
1.56924
1.57104
1.57283
1.57464
1.57644
1.57825
1.58005
1.58187
1.58368
1.5855
1.58732
1.58915
1.59097
1.59281
1.59464
1.59648
1.59832
1.60016
1.602
1.60385
1.60571
1.60756
1.60942
1.61128
1.61314
1.61501
1.61688
1.61876
1.62063
1.62252
1.6244
1.62629
1.62818
1.63007
1.63197
1.63386
1.63577
1.63767
1.63958
1.6415
1.64341
1.64533
1.64725
1.64918
1.65111
1.65304
1.65498
1.65691
1.65886
1.6608
1.66275
1.6647
1.66666
1.66862
1.67058
1.67255
1.67452
1.67649
1.67847
1.68045
1.68243
1.68442
1.68641
1.6884
1.6904
1.6924
1.6944
1.69641
1.69842
1.70043
1.70245
1.70447
1.7065
1.70853
1.71056
1.7126
1.71463
1.71668
1.71872
1.72077
1.72283
1.72489
1.72695
1.72901
1.73108
1.73315
1.73523
1.73731
1.73939
1.74148
1.74357
1.74567
1.74776
1.74987
1.75197
1.75408
1.7562
1.75831
1.76043
1.76256
1.76469
1.76682
1.76896
1.7711
1.77324
1.77539
1.77754
1.7797
1.78186
1.78402
1.78619
1.78836
1.79054
1.79272
1.7949
1.79709
1.79928
1.80147
1.80367
1.80588
1.80809
1.8103
1.81251
1.81473
1.81696
1.81919
1.82142
1.82365
1.8259
1.82814
1.83039
1.83264
1.8349
1.83716
1.83943
1.8417
1.84397
1.84625
1.84853
1.85082
1.85311
1.85541
1.85771
1.86001
1.86232
1.86463
1.86695
1.86927
1.8716
1.87393
1.87626
1.8786
1.88094
1.88329
1.88564
1.888
1.89036
1.89273
1.8951
1.89747
1.89985
1.90224
1.90462
1.90702
1.90941
1.91182
1.91422
1.91664
1.91905
1.92147
1.9239
1.92633
1.92876
1.9312
1.93365
1.93609
1.93855
1.94101
1.94347
1.94594
1.94841
1.95089
1.95337
1.95586
1.95835
1.96084
1.96335
1.96585
1.96836
1.97088
1.9734
1.97593
1.97846
1.98099
1.98353
1.98608
1.98863
1.99119
1.99375
1.99631
1.99889
2.00146
2.00404
2.00663
2.00922
2.01182
2.01442
2.01703
2.01964
2.02225
2.02488
2.0275
2.03014
2.03278
2.03542
2.03807
2.04072
2.04338
2.04605
2.04872
2.05139
2.05407
2.05676
2.05945
2.06215
2.06485
2.06756
2.07027
2.07299
2.07571
2.07844
2.08118
2.08392
2.08666
2.08941
2.09217
2.09493
2.0977
2.10048
2.10326
2.10604
2.10883
2.11163
2.11443
2.11724
2.12005
2.12287
2.1257
2.12853
2.13137
2.13421
2.13706
2.13991
2.14277
2.14564
2.14851
2.15139
2.15427
2.15716
2.16006
2.16296
2.16587
2.16878
2.1717
2.17463
2.17756
2.1805
2.18345
2.1864
2.18935
2.19231
2.19528
2.19826
2.20124
2.20423
2.20722
2.21022
2.21323
2.21624
2.21926
2.22228
2.22532
2.22835
2.2314
2.23445
2.2375
2.24057
2.24364
2.24671
2.2498
2.25289
2.25598
2.25908
2.26219
2.26531
2.26843
2.27156
2.2747
2.27784
2.28099
2.28414
2.2873
2.29047
2.29365
2.29683
2.30002
2.30322
2.30642
2.30963
2.31284
2.31607
2.3193
2.32253
2.32578
2.32903
2.33229
2.33555
2.33882
2.3421
2.34539
2.34868
2.35198
2.35529
2.3586
2.36192
2.36525
2.36859
2.37193
2.37528
2.37864
2.382
2.38537
2.38875
2.39214
2.39553
2.39894
2.40234
2.40576
2.40918
2.41261
2.41605
2.4195
2.42295
2.42641
2.42988
2.43336
2.43684
2.44033
2.44383
2.44733
2.45085
2.45437
2.4579
2.46143
2.46498
2.46853
2.47209
2.47566
2.47924
2.48282
2.48641
2.49001
2.49362
2.49723
2.50085
2.50449
2.50812
2.51177
2.51543
2.51909
2.52276
2.52644
2.53013
2.53382
2.53752
2.54124
2.54496
2.54868
2.55242
2.55616
2.55992
2.56368
2.56745
2.57122
2.57501
2.5788
2.58261
2.58642
2.59024
2.59406
2.5979
2.60175
2.6056
2.60946
2.61333
2.61721
2.6211
2.62499
2.6289
2.63281
2.63673
2.64066
2.6446
2.64855
2.65251
2.65647
2.66045
2.66443
2.66842
2.67242
2.67643
2.68045
2.68448
2.68852
2.69256
2.69662
2.70068
2.70475
2.70884
2.71293
2.71703
2.72113
2.72525
2.72938
2.73352
2.73766
2.74182
2.74598
2.75015
2.75433
2.75853
2.76273
2.76694
2.77116
2.77538
2.77962
2.78387
2.78813
2.79239
2.79667
2.80095
2.80525
2.80955
2.81387
2.81819
2.82252
2.82687
2.83122
2.83558
2.83995
2.84433
2.84872
2.85312
2.85753
2.86195
2.86638
2.87082
2.87527
2.87973
2.8842
2.88868
2.89316
2.89766
2.90217
2.90669
2.91122
2.91575
2.9203
2.92486
2.92943
2.934
2.93859
2.94319
2.9478
2.95242
2.95704
2.96168
2.96633
2.97099
2.97566
2.98033
2.98502
2.98972
2.99443
2.99915
3.00388
3.00862
3.01337
3.01813
3.0229
3.02768
3.03247
3.03727
3.04208
3.0469
3.05174
3.05658
3.06143
3.06629
3.07117
3.07605
3.08095
3.08585
3.09077
3.09569
3.10063
3.10557
3.11053
3.1155
3.12048
3.12547
3.13046
3.13547
3.14049
3.14552
3.15057
3.15562
3.16068
3.16575
3.17083
3.17593
3.18103
3.18615
3.19127
3.19641
3.20155
3.20671
3.21188
3.21706
3.22225
3.22744
3.23265
3.23787
3.24311
3.24835
3.2536
3.25886
3.26413
3.26942
3.27471
3.28002
3.28533
3.29066
3.296
3.30134
3.3067
3.31207
3.31745
3.32284
3.32824
3.33365
3.33907
3.3445
3.34994
3.35539
3.36086
3.36633
3.37181
3.37731
3.38281
3.38832
3.39385
3.39939
3.40493
3.41049
3.41605
3.42163
3.42722
3.43282
3.43842
3.44404
3.44967
3.45531
3.46096
3.46662
3.47228
3.47796
3.48365
3.48935
3.49506
3.50078
3.50651
3.51225
3.518
3.52376
3.52952
3.5353
3.54109
3.54689
3.5527
3.55852
3.56434
3.57018
3.57603
3.58188
3.58775
3.59362
3.59951
3.6054
3.61131
3.61722
3.62314
3.62907
3.63501
3.64096
3.64692
3.65289
3.65886
3.66485
3.67084
3.67685
3.68286
3.68888
3.69491
3.70095
3.707
3.71305
3.71911
3.72519
3.73127
3.73736
3.74345
3.74956
3.75567
3.76179
3.76792
3.77406
3.7802
3.78635
3.79251
3.79868
3.80486
3.81104
3.81723
3.82343
3.82963
3.83584
3.84206
3.84829
3.85452
3.86076
3.867
3.87325
3.87951
3.88578
3.89205
3.89833
3.90461
3.9109
3.9172
3.9235
3.9298
3.93612
3.94243
3.94876
3.95509
3.96142
3.96776
3.9741
3.98045
3.9868
3.99316
3.99952
4.00589
4.01226
4.01863
4.02501
4.03139
4.03778
4.04417
4.05056
4.05696
4.06336
4.06976
4.07617
4.08257
4.08898
4.0954
4.10181
4.10823
4.11465
4.12107
4.12749
4.13392
4.14034
4.14677
4.1532
4.15962
4.16605
4.17248
4.17891
4.18534
4.19177
4.1982
4.20463
4.21106
4.21749
4.22392
4.23035
4.23677
4.2432
4.24962
4.25604
4.26246
4.26887
4.27529
4.2817
4.2881
4.29451
4.30091
4.30731
4.3137
4.32009
4.32648
4.33286
4.33924
4.34561
4.35198
4.35834
4.3647
4.37105
4.3774
4.38374
4.39007
4.3964
4.40272
4.40903
4.41533
4.42163
4.42792
4.4342
4.44048
4.44674
4.453
4.45924
4.46548
4.47171
4.47792
4.48413
4.49033
4.49651
4.50269
4.50885
4.51501
4.52115
4.52728
4.53339
4.5395
4.54559
4.55166
4.55773
4.56378
4.56981
4.57583
4.58184
4.58783
4.59381
4.59977
4.60572
4.61165
4.61756
4.62345
4.62933
4.63519
4.64104
4.64686
4.65267
4.65846
4.66423
4.66998
4.67571
4.68142
4.68711
4.69278
4.69842
4.70405
4.70966
4.71524
4.7208
4.72634
4.73186
4.73735
4.74282
4.74826
4.75369
4.75908
4.76445
4.7698
4.77512
4.78041
4.78568
4.79092
4.79614
4.80133
4.80649
4.81162
4.81672
4.8218
4.82684
4.83186
4.83685
4.8418
4.84673
4.85162
4.85649
4.86132
4.86612
4.87089
4.87563
4.88033
4.885
4.88964
4.89424
4.89881
4.90334
4.90784
4.91231
4.91674
4.92113
4.92549
4.92981
4.93409
4.93833
4.94254
4.94671
4.95084
4.95494
4.95899
4.96301
4.96698
4.97092
4.97481
4.97867
4.98248
4.98625
4.98999
4.99368
4.99732
5.00093
5.00449
5.00801
5.01149
5.01492
5.01831
5.02165
5.02495
5.0282
5.03141
5.03458
5.03769
5.04077
5.04379
5.04677
5.0497
5.05259
5.05543
5.05822
5.06096
5.06365
5.0663
5.0689
5.07145
5.07395
5.0764
5.0788
5.08115
5.08345
5.0857
5.0879
5.09004
5.09214
5.09419
5.09618
5.09813
5.10002
5.10186
5.10365
5.10538
5.10707
5.1087
5.11027
5.1118
5.11327
5.11469
5.11605
5.11736
5.11862
5.11982
5.12097
5.12206
5.1231
5.12409
5.12502
5.1259
5.12672
5.12749
5.1282
5.12886
5.12946
5.13
5.13049
5.13093
5.13131
5.13164
5.13191
5.13212
5.13228
5.13238
5.13243
5.13242
5.13235
5.13223
5.13206
5.13182
5.13154
5.13119
5.13079
5.13034
5.12983
5.12926
5.12864
5.12796
5.12723
5.12644
5.12559
5.12469
5.12374
5.12273
5.12166
5.12054
5.11936
5.11813
5.11684
5.1155
5.11411
5.11266
5.11115
5.10959
5.10798
5.10631
5.10459
5.10281
5.10098
5.0991
5.09716
5.09518
5.09313
5.09104
5.08889
5.08669
5.08443
5.08213
5.07977
5.07736
5.0749
5.07239
5.06982
5.06721
5.06454
5.06183
5.05906
5.05625
5.05338
5.05046
5.0475
5.04448
5.04142
5.03831
5.03514
5.03193
5.02868
5.02537
5.02202
5.01862
5.01517
5.01168
5.00814
5.00456
5.00093
4.99725
4.99353
4.98976
4.98595
4.9821
4.9782
4.97425
4.97027
4.96624
4.96216
4.95805
4.95389
4.94969
4.94545
4.94117
4.93685
4.93249
4.92808
4.92364
4.91916
4.91464
4.91008
4.90548
4.90084
4.89617
4.89145
4.8867
4.88192
4.87709
4.87224
4.86734
4.86241
4.85744
4.85244
4.84741
4.84234
4.83724
4.8321
4.82693
4.82173
4.8165
4.81123
4.80593
4.8006
4.79524
4.78985
4.78443
4.77898
4.7735
4.76799
4.76246
4.75689
4.7513
4.74567
4.74002
4.73435
4.72864
4.72291
4.71716
4.71138
4.70557
4.69974
4.69388
4.688
4.6821
4.67617
4.67022
4.66424
4.65825
4.65223
4.64619
4.64013
4.63404
4.62794
4.62181
4.61567
4.6095
4.60332
4.59712
4.59089
4.58465
4.57839
4.57212
4.56582
4.55951
4.55318
4.54683
4.54047
4.5341
4.5277
4.52129
4.51487
4.50843
4.50198
4.49551
4.48903
4.48254
4.47603
4.46951
4.46297
4.45643
4.44987
4.4433
4.43672
4.43013
4.42353
4.41691
4.41029
4.40366
4.39701
4.39036
4.3837
4.37703
4.37035
4.36366
4.35696
4.35026
4.34354
4.33683
4.3301
4.32337
4.31663
4.30988
4.30313
4.29637
4.28961
4.28284
4.27606
4.26928
4.2625
4.25571
4.24892
4.24212
4.23532
4.22852
4.22171
4.2149
4.20809
4.20127
4.19445
4.18763
4.18081
4.17399
4.16716
4.16033
4.15351
4.14668
4.13985
4.13302
4.12619
4.11935
4.11252
4.10569
4.09886
4.09203
4.0852
4.07837
4.07155
4.06472
4.0579
4.05107
4.04425
4.03743
4.03062
4.0238
4.01699
4.01018
4.00337
3.99657
3.98977
3.98297
3.97618
3.96938
3.9626
3.95581
3.94903
3.94226
3.93549
3.92872
3.92196
3.9152
3.90845
3.9017
3.89496
3.88822
3.88149
3.87476
3.86804
3.86133
3.85462
3.84791
3.84122
3.83452
3.82784
3.82116
3.81449
3.80782
3.80116
3.79451
3.78786
3.78122
3.77459
3.76797
3.76135
3.75474
3.74814
3.74155
3.73496
3.72838
3.72181
3.71524
3.70869
3.70214
3.6956
3.68907
3.68255
3.67604
3.66953
3.66303
3.65654
3.65006
3.64359
3.63713
3.63068
3.62423
3.6178
3.61137
3.60496
3.59855
3.59215
3.58576
3.57938
3.57301
3.56665
3.5603
3.55396
3.54763
3.54131
3.535
3.5287
3.52241
3.51612
3.50985
3.50359
3.49734
3.4911
3.48487
3.47865
3.47244
3.46624
3.46005
3.45387
3.4477
3.44154
3.43539
3.42926
3.42313
3.41701
3.41091
3.40481
3.39873
3.39266
3.38659
3.38054
3.3745
3.36847
3.36245
3.35644
3.35045
3.34446
3.33849
3.33252
3.32657
3.32063
3.3147
3.30878
3.30287
3.29697
3.29109
3.28521
3.27935
3.27349
3.26765
3.26182
3.256
3.2502
3.2444
3.23861
3.23284
3.22708
3.22133
3.21559
3.20986
3.20414
3.19844
3.19274
3.18706
3.18139
3.17573
3.17008
3.16444
3.15881
3.1532
3.1476
3.142
3.13642
3.13085
3.1253
3.11975
3.11422
3.10869
3.10318
3.09768
3.09219
3.08671
3.08125
3.07579
3.07035
3.06492
3.05949
3.05409
3.04869
3.0433
3.03793
3.03256
3.02721
3.02187
3.01654
3.01122
3.00591
3.00062
2.99533
2.99006
2.9848
2.97955
2.97431
2.96908
2.96386
2.95866
2.95346
2.94828
2.94311
2.93794
2.9328
2.92766
2.92253
2.91741
2.91231
2.90722
2.90213
2.89706
2.892
2.88695
2.88191
2.87689
2.87187
2.86686
2.86187
2.85689
2.85191
2.84695
2.842
2.83706
2.83213
2.82722
2.82231
2.81741
2.81253
2.80766
2.80279
2.79794
2.7931
2.78827
2.78345
2.77864
2.77384
2.76905
2.76427
2.75951
2.75475
2.75
2.74527
2.74054
2.73583
2.73113
2.72643
2.72175
2.71708
2.71242
2.70777
2.70313
2.6985
2.69388
2.68927
2.68467
2.68008
2.6755
2.67093
2.66638
2.66183
2.65729
2.65276
2.64825
2.64374
2.63924
2.63476
2.63028
2.62581
2.62136
2.61691
2.61248
2.60805
2.60363
2.59923
2.59483
2.59044
2.58607
2.5817
2.57734
2.57299
2.56866
2.56433
2.56001
2.5557
2.5514
2.54712
2.54284
2.53857
2.53431
2.53006
2.52582
2.52158
2.51736
2.51315
2.50895
2.50475
2.50057
2.4964
2.49223
2.48807
2.48393
2.47979
2.47566
2.47154
2.46744
2.46334
2.45924
2.45516
2.45109
2.44703
2.44297
2.43893
2.43489
2.43086
2.42685
2.42284
2.41884
2.41485
2.41086
2.40689
2.40293
2.39897
2.39502
2.39109
2.38716
2.38324
2.37932
2.37542
2.37153
2.36764
2.36377
2.3599
2.35604
2.35219
2.34834
2.34451
2.34069
2.33687
2.33306
2.32926
2.32547
2.32169
2.31791
2.31415
2.31039
2.30664
2.3029
2.29916
2.29544
2.29172
2.28801
2.28431
2.28062
2.27694
2.27326
2.2696
2.26594
2.26229
2.25864
2.25501
2.25138
2.24776
2.24415
2.24055
2.23695
2.23336
2.22978
2.22621
2.22265
2.21909
2.21554
2.212
2.20847
2.20494
2.20142
2.19791
2.19441
2.19092
2.18743
2.18395
2.18048
2.17702
2.17356
2.17011
2.16667
2.16323
2.15981
2.15639
2.15297
2.14957
2.14617
2.14278
2.1394
2.13602
2.13266
2.12929
2.12594
2.12259
2.11926
2.11592
2.1126
2.10928
2.10597
2.10267
2.09937
2.09608
2.0928
2.08952
2.08625
2.08299
2.07974
2.07649
2.07325
2.07002
2.06679
2.06357
2.06036
2.05715
2.05395
2.05076
2.04757
2.04439
2.04122
2.03805
2.0349
2.03174
2.0286
2.02546
2.02233
2.0192
2.01608
2.01297
2.00986
2.00676
2.00367
2.00058
1.9975
1.99443
1.99136
1.9883
1.98524
1.9822
1.97915
1.97612
1.97309
1.97007
1.96705
1.96404
1.96103
1.95804
1.95504
1.95206
1.94908
1.94611
1.94314
1.94018
1.93722
1.93427
1.93133
1.92839
1.92546
1.92254
1.91962
1.91671
1.9138
1.9109
1.908
1.90511
1.90223
1.89935
1.89648
1.89362
1.89076
1.8879
1.88506
1.88221
1.87938
1.87655
1.87372
1.8709
1.86809
1.86528
1.86248
1.85968
1.85689
1.8541
1.85132
1.84855
1.84578
1.84302
1.84026
1.83751
1.83476
1.83202
1.82928
1.82655
1.82383
1.82111
1.81839
1.81569
1.81298
1.81029
1.80759
1.80491
1.80222
1.79955
1.79688
1.79421
1.79155
1.78889
1.78624
1.7836
1.78096
1.77832
1.77569
1.77307
1.77045
1.76784
1.76523
1.76262
1.76002
1.75743
1.75484
1.75226
1.74968
1.7471
1.74454
1.74197
1.73941
1.73686
1.73431
1.73177
1.72923
1.72669
1.72416
1.72164
1.71912
1.71661
1.7141
1.71159
1.70909
1.70659
1.7041
1.70162
1.69914
1.69666
1.69419
1.69172
1.68926
1.6868
1.68435
1.6819
1.67945
1.67702
1.67458
1.67215
1.66973
1.6673
1.66489
1.66248
1.66007
1.65767
1.65527
1.65287
1.65049
1.6481
1.64572
1.64334
1.64097
1.63861
1.63624
1.63388
1.63153
1.62918
1.62684
1.6245
1.62216
1.61983
1.6175
1.61518
1.61286
1.61054
1.60823
1.60592
1.60362
1.60132
1.59903
1.59674
1.59446
1.59217
1.5899
1.58762
1.58536
1.58309
1.58083
1.57857
1.57632
1.57407
1.57183
1.56959
1.56735
1.56512
1.56289
1.56067
1.55845
1.55623
1.55402
1.55181
1.54961
1.54741
1.54521
1.54302
1.54083
1.53865
1.53647
1.53429
1.53212
1.52995
1.52778
1.52562
1.52347
1.52131
1.51916
1.51702
1.51487
1.51274
1.5106
1.50847
1.50634
1.50422
1.5021
1.49998
1.49787
1.49576
1.49366
1.49156
1.48946
1.48737
1.48528
1.48319
1.48111
1.47903
1.47695
1.47488
1.47281
1.47075
1.46869
1.46663
1.46457
1.46252
1.46048
1.45843
1.45639
1.45436
1.45232
1.45029
1.44827
1.44624
1.44423
1.44221
1.4402
1.43819
1.43618
1.43418
1.43218
1.43019
1.4282
1.42621
1.42422
1.42224
1.42026
1.41829
1.41631
1.41435
1.41238
1.41042
1.40846
1.4065
1.40455
1.4026
1.40066
1.39872
1.39678
1.39484
1.39291
1.39098
1.38905
1.38713
1.38521
1.38329
1.38138
1.37947
1.37756
1.37566
1.37376
1.37186
1.36997
1.36808
1.36619
1.3643
1.36242
1.36054
1.35866
1.35679
1.35492
1.35306
1.35119
1.34933
1.34747
1.34562
1.34377
1.34192
1.34007
1.33823
1.33639
1.33455
1.33272
1.33089
1.32906
1.32724
1.32541
1.32359
1.32178
1.31996
1.31815
1.31635
1.31454
1.31274
1.31094
1.30915
1.30735
1.30556
1.30378
1.30199
1.30021
1.29843
1.29665
1.29488
1.29311
1.29134
1.28958
1.28781
1.28606
1.2843
1.28254
1.28079
1.27905
1.2773
1.27556
1.27382
1.27208
1.27034
1.26861
1.26688
1.26516
1.26343
1.26171
1.25999
1.25828
1.25656
1.25485
1.25314
1.25144
1.24973
1.24803
1.24634
1.24464
1.24295
1.24126
1.23957
1.23789
1.2362
1.23453
1.23285
1.23117
1.2295
1.22783
1.22617
1.2245
1.22284
1.22118
1.21952
1.21787
1.21622
1.21457
1.21292
1.21128
1.20964
1.208
1.20636
1.20472
1.20309
1.20146
1.19984
1.19821
1.19659
1.19497
1.19335
1.19174
1.19012
1.18851
1.18691
1.1853
1.1837
1.1821
1.1805
1.1789
1.17731
1.17572
1.17413
1.17254
1.17096
1.16937
1.16779
1.16622
1.16464
1.16307
1.1615
1.15993
1.15836
1.1568
1.15524
1.15368
1.15212
1.15057
1.14902
1.14747
1.14592
1.14437
1.14283
1.14129
1.13975
1.13821
1.13668
1.13514
1.13361
1.13209
1.13056
1.12904
1.12752
1.126
1.12448
1.12296
1.12145
1.11994
1.11843
1.11693
1.11542
1.11392
1.11242
1.11092
1.10943
1.10793
1.10644
1.10495
1.10346
1.10198
1.1005
1.09901
1.09754
1.09606
1.09458
1.09311
1.09164
1.09017
1.0887
1.08724
1.08578
1.08432
1.08286
1.0814
1.07995
1.07849
1.07704
1.0756
1.07415
1.0727
1.07126
1.06982
1.06838
1.06695
1.06551
1.06408
1.06265
1.06122
1.05979
1.05837
1.05695
1.05552
1.05411
1.05269
1.05127
1.04986
1.04845
1.04704
1.04563
1.04423
1.04282
1.04142
1.04002
1.03862
1.03723
1.03583
1.03444
1.03305
1.03166
1.03027
1.02889
1.02751
1.02612
1.02474
1.02337
1.02199
1.02062
1.01925
1.01788
1.01651
1.01514
1.01378
1.01241
1.01105
1.00969
1.00833
1.00698
1.00562
1.00427
1.00292
1.00157
1.00023
0.99888
0.997537
0.996195
0.994855
0.993517
0.992181
0.990846
0.989513
0.988182
0.986852
0.985524
0.984198
0.982874
0.981551
0.980231
0.978911
0.977594
0.976278
0.974964
0.973652
0.972341
0.971032
0.969725
0.968419
0.967115
0.965813
0.964512
0.963213
0.961916
0.96062
0.959326
0.958034
0.956743
0.955454
0.954167
0.952881
0.951597
0.950314
0.949033
0.947754
0.946476
0.9452
0.943926
0.942653
0.941382
0.940112
0.938844
0.937577
0.936313
0.935049
0.933788
0.932528
0.931269
0.930012
0.928757
0.927503
0.926251
0.925
0.923751
0.922503
0.921257
0.920013
0.91877
0.917528
0.916289
0.91505
0.913814
0.912578
0.911345
0.910112
0.908882
0.907652
0.906425
0.905199
0.903974
0.902751
0.901529
0.900309
0.89909
0.897873
0.896658
0.895443
0.894231
0.89302
0.89181
0.890602
0.889395
0.888189
0.886986
0.885783
0.884582
0.883383
0.882185
0.880988
0.879793
0.878599
0.877407
0.876216
0.875027
0.873839
0.872652
0.871467
0.870283
0.869101
0.86792
0.866741
0.865563
0.864386
0.863211
0.862037
0.860865
0.859694
0.858524
0.857356
0.856189
0.855024
0.85386
0.852697
0.851536
0.850376
0.849218
0.848061
0.846905
0.84575
0.844597
0.843446
0.842295
0.841146
0.839999
0.838852
0.837708
0.836564
0.835422
0.834281
0.833141
0.832003
0.830866
0.829731
0.828596
0.827464
0.826332
0.825202
0.824073
0.822945
0.821819
0.820694
0.81957
0.818448
0.817327
0.816207
0.815089
0.813971
0.812856
0.811741
0.810628
0.809516
0.808405
0.807296
0.806187
0.80508
0.803975
0.802871
0.801768
0.800666
0.799565
0.798466
0.797368
0.796271
0.795176
0.794082
0.792989
0.791897
0.790806
0.789717
0.788629
0.787542
0.786457
0.785373
0.78429
0.783208
0.782127
0.781048
0.77997
0.778893
0.777817
0.776743
0.77567
0.774598
0.773527
0.772457
0.771389
0.770322
0.769256
0.768191
0.767128
0.766065
0.765004
0.763944
0.762885
0.761828
0.760772
0.759716
0.758662
0.75761
0.756558
0.755508
0.754458
0.75341
0.752363
0.751318
0.750273
0.74923
0.748187
0.747146
0.746106
0.745068
0.74403
0.742994
0.741958
0.740924
0.739891
0.73886
0.737829
0.736799
0.735771
0.734744
0.733718
0.732693
0.731669
0.730646
0.729625
0.728604
0.727585
0.726567
0.72555
0.724534
0.723519
0.722506
0.721493
0.720482
0.719472
0.718463
0.717455
0.716448
0.715442
0.714437
0.713433
0.712431
0.71143
0.710429
0.70943
0.708432
0.707435
0.706439
0.705444
0.704451
0.703458
0.702467
0.701476
0.700487
0.699499
0.698512
0.697525
0.69654
0.695557
0.694574
0.693592
0.692611
0.691632
0.690653
0.689676
0.688699
0.687724
0.68675
0.685777
0.684804
0.683833
0.682863
0.681895
0.680927
0.67996
0.678994
0.678029
0.677066
0.676103
0.675142
0.674181
0.673222
0.672263
0.671306
0.67035
0.669394
0.66844
0.667487
0.666535
0.665584
0.664634
0.663685
0.662737
0.66179
0.660844
0.659899
0.658955
0.658012
0.65707
0.65613
0.65519
0.654251
0.653313
0.652377
0.651441
0.650506
0.649573
0.64864
0.647709
0.646778
0.645848
0.64492
0.643992
0.643066
0.64214
0.641216
0.640292
0.63937
0.638448
0.637528
0.636608
0.63569
0.634772
0.633856
0.632941
0.632026
0.631113
0.6302
0.629289
0.628378
0.627469
0.62656
0.625653
0.624746
0.623841
0.622936
0.622033
0.62113
0.620229
0.619328
0.618428
0.61753
0.616632
0.615736
0.61484
0.613945
0.613051
0.612159
0.611267
0.610376
0.609487
0.608598
0.60771
0.606823
0.605937
0.605052
0.604168
0.603285
0.602403
0.601522
0.600642
0.599763
0.598885
0.598008
0.597132
0.596257
0.595382
0.594509
0.593637
0.592766
0.591895
0.591026
0.590157
0.58929
0.588423
0.587558
0.586693
0.58583
0.584967
0.584105
0.583244
0.582385
0.581526
0.580668
0.579811
0.578955
0.5781
0.577246
0.576393
0.575541
0.574689
0.573839
0.57299
0.572141
0.571294
0.570448
0.569602
0.568758
0.567914
0.567071
0.56623
0.565389
0.564549
0.56371
0.562872
0.562035
0.561199
0.560364
0.55953
0.558697
0.557865
0.557034
0.556203
0.555374
0.554546
0.553718
0.552892
0.552066
0.551241
0.550418
0.549595
0.548773
0.547952
0.547132
0.546313
0.545495
0.544678
0.543862
0.543047
0.542233
0.541419
0.540607
0.539795
0.538985
0.538175
0.537367
0.536559
0.535753
0.534947
0.534142
0.533338
0.532535
0.531733
0.530932
0.530132
0.529333
0.528535
0.527737
0.526941
0.526146
0.525351
0.524558
0.523765
0.522974
0.522183
0.521393
0.520604
0.519817
0.51903
0.518244
0.517459
0.516675
0.515892
0.515109
0.514328
0.513548
0.512769
0.51199
0.511213
0.510436
0.509661
0.508886
0.508113
0.50734
0.506568
0.505797
0.505028
0.504259
0.503491
0.502724
0.501958
0.501193
0.500429
0.499665
0.498903
0.498142
0.497382
0.496622
0.495864
0.495107
0.49435
0.493595
0.49284
0.492086
0.491334
0.490582
0.489831
0.489082
0.488333
0.487585
0.486838
0.486092
0.485347
0.484603
0.48386
0.483118
0.482377
0.481637
0.480898
0.48016
0.479422
0.478686
0.477951
0.477217
0.476483
0.475751
0.47502
0.474289
0.47356
0.472831
0.472104
0.471377
0.470652
0.469927
0.469204
0.468481
0.46776
0.467039
0.466319
0.465601
0.464883
0.464166
0.463451
0.462736
0.462022
0.46131
0.460598
0.459887
0.459178
0.458469
0.457761
0.457055
0.456349
0.455644
0.45494
0.454238
0.453536
0.452835
0.452136
0.451437
0.450739
0.450043
0.449347
0.448652
0.447959
0.447266
0.446575
0.445884
0.445195
0.444506
0.443819
0.443132
0.442447
0.441762
0.441079
0.440397
0.439715
0.439035
0.438356
0.437678
0.437
0.436324
0.435649
0.434975
0.434302
0.43363
0.432959
0.432289
0.431621
0.430953
0.430286
0.42962
0.428956
0.428292
0.42763
0.426968
0.426308
0.425649
0.424991
0.424334
0.423677
0.423022
0.422369
0.421716
0.421064
0.420413
0.419764
0.419115
0.418468
0.417821
0.417176
0.416532
0.415889
0.415247
0.414606
0.413966
0.413328
0.41269
0.412054
0.411418
0.410784
0.410151
0.409519
0.408888
0.408258
0.40763
0.407002
0.406376
0.405751
0.405127
0.404504
0.403882
0.403261
0.402641
0.402023
0.401406
0.40079
0.400175
0.399561
0.398948
0.398337
0.397726
0.397117
0.396509
0.395902
0.395296
0.394692
0.394089
0.393486
0.392885
0.392286
0.391687
0.39109
0.390493
0.389898
0.389304
0.388712
0.38812
0.38753
0.386941
0.386353
0.385766
0.385181
0.384597
0.384014
0.383432
0.382852
0.382272
0.381694
0.381117
0.380542
0.379967
0.379394
0.378823
0.378252
0.377683
0.377114
0.376548
0.375982
0.375418
0.374855
0.374293
0.373732
0.373173
0.372615
0.372059
0.371503
0.370949
0.370396
0.369845
0.369295
0.368746
0.368198
0.367652
0.367107
0.366563
0.366021
0.36548
0.364941
0.364402
0.363865
0.36333
0.362795
0.362262
0.361731
0.3612
0.360671
0.360144
0.359618
0.359093
0.358569
0.358047
0.357527
0.357007
0.356489
0.355973
0.355458
0.354944
0.354432
0.353921
0.353411
0.352903
0.352396
0.351891
0.351387
0.350884
0.350383
0.349884
0.349386
0.348889
0.348394
0.3479
0.347407
0.346916
0.346427
0.345939
0.345452
0.344967
0.344484
0.344002
0.343521
0.343042
0.342564
0.342088
0.341613
0.34114
0.340669
0.340199
0.33973
0.339263
0.338797
0.338333
0.337871
0.33741
0.33695
0.336493
0.336036
0.335582
0.335128
0.334677
0.334227
0.333778
0.333331
0.332886
0.332442
0.332
0.33156
0.331121
0.330683
0.330247
0.329813
0.329381
0.32895
0.328521
0.328093
0.327667
0.327243
0.32682
0.326399
0.325979
0.325562
0.325146
0.324731
0.324318
0.323907
0.323498
0.32309
0.322684
0.32228
0.321877
0.321476
0.321077
0.32068
0.320284
0.31989
0.319497
0.319107
0.318718
0.318331
0.317945
0.317562
0.31718
0.316799
0.316421
0.316044
0.31567
0.315297
0.314925
0.314556
0.314188
0.313822
0.313458
0.313096
0.312735
0.312377
0.31202
0.311665
0.311311
0.31096
0.310611
0.310263
0.309917
0.309573
0.309231
0.308891
0.308552
0.308216
0.307881
0.307548
0.307217
0.306888
0.306561
0.306236
0.305913
0.305591
0.305272
0.304954
0.304638
0.304325
0.304013
0.303703
0.303395
0.303089
0.302785
0.302483
0.302183
0.301885
0.301588
0.301294
0.301002
0.300712
0.300423
0.300137
0.299853
0.29957
0.29929
0.299012
0.298735
0.298461
0.298189
0.297919
0.29765
0.297384
0.29712
0.296858
0.296598
0.29634
0.296084
0.29583
0.295578
0.295329
0.295081
0.294835
0.294592
0.29435
0.294111
0.293874
0.293639
0.293405
0.293175
0.292946
0.292719
0.292494
0.292272
0.292051
0.291833
0.291617
0.291403
0.291191
0.290981
0.290774
0.290568
0.290365
0.290164
0.289965
0.289768
0.289574
0.289381
0.289191
0.289003
0.288817
0.288633
0.288452
0.288272
0.288095
0.28792
0.287747
0.287577
0.287409
0.287242
0.287079
0.286917
0.286757
0.2866
0.286445
0.286292
0.286142
0.285993
0.285847
0.285703
0.285562
0.285422
0.285285
0.28515
0.285018
0.284888
0.284759
0.284634
0.28451
0.284389
0.28427
0.284153
0.284038
0.283926
0.283816
0.283709
0.283603
0.2835
0.283399
0.283301
0.283205
0.283111
0.283019
0.28293
0.282843
0.282758
0.282676
0.282595
0.282518
0.282442
0.282369
0.282298
0.282229
0.282163
0.282099
0.282037
0.281978
0.281921
0.281866
0.281814
0.281764
0.281716
0.281671
0.281628
0.281587
0.281548
0.281512
0.281479
0.281447
0.281418
0.281391
0.281367
0.281344
0.281325
0.281307
0.281292
0.281279
0.281269
0.281261
0.281255
0.281251
