1,2.5597e+06
2,2.55699e+06
3,2.55248e+06
4,2.54617e+06
5,2.53808e+06
6,2.5282e+06
7,2.51656e+06
8,2.50317e+06
9,2.48804e+06
10,2.4712e+06
11,2.45266e+06
12,2.43246e+06
13,2.41061e+06
14,2.38714e+06
15,2.36208e+06
16,2.33547e+06
17,2.30733e+06
18,2.27771e+06
19,2.24663e+06
20,2.21415e+06
21,2.18029e+06
22,2.1451e+06
23,2.10863e+06
24,2.07091e+06
25,2.032e+06
26,1.99195e+06
27,1.9508e+06
28,1.9086e+06
29,1.86541e+06
30,1.82128e+06
31,1.77626e+06
32,1.7304e+06
33,1.68377e+06
34,1.63642e+06
35,1.58841e+06
69,29697.7
70,65925.7
71,101003
72,134903
73,167600
74,199070
75,229292
76,258246
77,285915
78,312284
79,337338
80,361067
81,383460
82,404511
83,424214
84,442565
85,459563
86,475208
87,489503
88,502452
89,514062
90,524341
91,533299
92,540948
93,547301
94,552374
95,556185
96,558752
97,560097
98,560240
99,559207
100,557021
101,553711
102,549304
103,543829
104,537317
105,529801
137,11317.2
138,30039.5
139,48438
140,66479.7
141,84133.5
142,101369
143,118158
144,134473
145,150287
146,165575
147,180314
148,194481
149,208055
150,221017
151,233348
152,245032
153,256052
154,266396
155,276051
156,285006
157,293252
158,300779
159,307583
160,313658
161,319000
162,323608
163,327480
164,330618
165,333023
166,334700
167,335653
168,335888
169,335414
170,334239
171,332373
172,329829
173,326618
174,322754
175,318253
205,5146.08
206,17946.3
207,30598.7
208,43073.5
209,55346.4
210,67393.5
211,79192.2
212,90720.2
213,101956
214,112880
215,123470
216,133710
217,143580
218,153063
219,162143
220,170805
221,179034
222,186817
223,194142
224,200997
225,207371
226,213257
227,218645
228,223528
229,227901
230,231758
231,235095
232,237911
233,240202
234,241969
235,243212
236,243932
237,244132
238,243815
239,242987
240,241653
241,239818
242,237492
243,234682
244,231398
245,227651
273,2063.93
274,11916.2
275,21712.3
276,31401.8
277,40963.8
278,50378.9
279,59628.3
280,68693.7
281,77557.4
282,86202.1
283,94611.3
284,102769
285,110659
286,118268
287,125580
288,132583
289,139264
290,145610
291,151611
292,157256
293,162536
294,167441
295,171964
296,176098
297,179835
298,183171
299,186101
300,188621
301,190728
302,192421
303,193698
304,194558
305,195003
306,195033
307,194651
308,193861
309,192665
310,191069
311,189079
312,186699
313,183939
314,180805
315,177306
342,8310.19
343,16434.2
344,24490.2
345,32457.4
346,40319
347,48058.7
348,55660.7
349,63109.8
350,70390.9
351,77489.7
352,84392.1
353,91084.4
354,97553.8
355,103788
356,109774
357,115501
358,120958
359,126136
360,131023
361,135613
362,139895
363,143863
364,147509
365,150828
366,153813
367,156461
368,158766
369,160726
370,162338
371,163600
372,164510
373,165069
374,165277
375,165135
376,164644
377,163807
378,162628
379,161109
380,159257
381,157075
382,154570
383,151748
384,148617
410,5914.61
411,12967.7
412,19980.4
413,26928.6
414,33796
415,40568.2
416,47230.9
417,53770.5
418,60173.6
419,66427.2
420,72518.6
421,78435.6
422,84166.5
423,89699.6
424,95024.3
425,100130
426,105006
427,109644
428,114035
429,118169
430,122040
431,125640
432,128963
433,132002
434,134751
435,137207
436,139364
437,141220
438,142771
439,144015
440,144951
441,145576
442,145892
443,145899
444,145597
445,144987
446,144073
447,142857
448,141343
449,139534
450,137436
451,135053
452,132392
453,129459
454,126261
478,4196.94
479,10525.4
480,16841.7
481,23110.4
482,29315.3
483,35442.5
484,41478.9
485,47412
486,53229.5
487,58919.2
488,64469.7
489,69869.4
490,75107.5
491,80173.2
492,85056.4
493,89747.3
494,94236.4
495,98514.9
496,102574
497,106406
498,110004
499,113359
500,116467
501,119321
502,121915
503,124244
504,126306
505,128095
506,129608
507,130844
508,131800
509,132474
510,132867
511,132978
512,132806
513,132355
514,131624
515,130616
516,129334
517,127781
518,125961
519,123879
520,121539
521,118947
522,116109
523,113032
524,109722
546,2903.68
547,8718.67
548,14563.2
549,20373.9
550,26133
551,31827.1
552,37443.5
553,42970.5
554,48396.3
555,53709.6
556,58899.4
557,63955
558,68865.8
559,73621.9
560,78213.5
561,82631.2
562,86865.9
563,90909.1
564,94752.6
565,98388.7
566,101810
567,105010
568,107981
569,110719
570,113218
571,115473
572,117479
573,119234
574,120732
575,121973
576,122953
577,123671
578,124126
579,124318
580,124246
581,123911
582,123314
583,122457
584,121342
585,119972
586,118350
587,116480
588,114366
589,112013
590,109427
591,106613
592,103578
593,100327
594,96869.5
614,1901.16
615,7319.44
616,12850.2
617,18360.1
618,23828
619,29240.2
620,34584.5
621,39849.4
622,45023.6
623,50096.1
624,55056.4
625,59894.2
626,64599.2
627,69161.7
628,73572.2
629,77821.7
630,81901.3
631,85802.6
632,89517.6
633,93038.7
634,96358.6
635,99470.6
636,102368
637,105046
638,107498
639,109720
640,111706
641,113454
642,114960
643,116220
644,117233
645,117997
646,118510
647,118771
648,118780
649,118538
650,118044
651,117301
652,116311
653,115075
654,113596
655,111878
656,109925
657,107741
658,105330
659,102699
660,99852.8
661,96797.5
662,93540.1
663,90087.4
664,86447
683,6195.03
684,11532.1
685,16861.8
686,22157.6
687,27405.1
688,32592.1
689,37707.1
690,42739.1
691,47677.3
692,52511.4
693,57231.1
694,61826.5
695,66288
696,70606.1
697,74771.9
698,78776.7
699,82612
700,86269.9
701,89742.8
702,93023.5
703,96105
704,98981.1
705,101646
706,104093
707,106319
708,108318
709,110087
710,111621
711,112918
712,113975
713,114790
714,115361
715,115687
716,115768
717,115603
718,115194
719,114541
720,113645
721,112508
722,111134
723,109525
724,107684
725,105616
726,103325
727,100816
728,98093.7
729,95165
730,92035.7
731,88712.5
732,85202.5
733,81513.2
751,5267.73
752,10509.5
753,15759.8
754,20983.7
755,26165.3
756,31292
757,36352.5
758,41335.6
759,46230.7
760,51027.3
761,55715.2
762,60284.5
763,64725.5
764,69028.9
765,73185.5
766,77186.6
767,81023.6
768,84688.6
769,88173.7
770,91471.7
771,94575.5
772,97478.7
773,100175
774,102659
775,104925
776,106969
777,108785
778,110371
779,111724
780,112839
781,113715
782,114350
783,114742
784,114891
785,114797
786,114459
787,113879
788,113057
789,111995
790,110696
791,109162
792,107396
793,105403
794,103186
795,100749
796,98099.4
797,95241
798,92180.3
799,88923.8
800,85478.3
801,81851
802,78049.6
803,74082.2
819,4462.29
820,9694.13
821,14956.7
822,20200.1
823,25406.4
824,30562.7
825,35657
826,40678.2
827,45615.4
828,50457.9
829,55195.4
830,59817.9
831,64315.3
832,68678.3
833,72897.4
834,76963.7
835,80868.5
836,84603.5
837,88160.7
838,91532.5
839,94711.8
840,97691.6
841,100466
842,103028
843,105373
844,107495
845,109391
846,111056
847,112486
848,113678
849,114630
850,115339
851,115803
852,116023
853,115996
854,115724
855,115206
856,114443
857,113437
858,112190
859,110705
860,108983
861,107030
862,104848
863,102442
864,99818.3
865,96980.7
866,93935.6
867,90689.3
868,87248.6
869,83620.6
870,79812.8
871,75833.2
872,71690
873,67392
887,3727.64
888,9032.91
889,14399.6
890,19754.5
891,25077.1
892,30353.4
893,35571.1
894,40718.7
895,45785
896,50758.9
897,55629.8
898,60387.3
899,65021.1
900,69521.2
901,73878.1
902,78082.3
903,82124.9
904,85997.1
905,89690.5
906,93197.3
907,96509.7
908,99620.6
909,102523
910,105211
911,107679
912,109920
913,111931
914,113706
915,115242
916,116534
917,117581
918,118380
919,118928
920,119225
921,119269
922,119060
923,118598
924,117884
925,116919
926,115705
927,114244
928,112539
929,110593
930,108411
931,105996
932,103353
933,100488
934,97406.2
935,94114.3
936,90618.8
937,86926.8
938,83046
939,78984.3
940,74750.2
941,70352.2
942,65799.7
955,3050.33
956,8514.22
957,14086.1
958,19653.9
959,25193.9
960,30690.8
961,36131.9
962,41505
963,46798.1
964,52000
965,57099.2
966,62084.9
967,66946.3
968,71672.8
969,76254.3
970,80680.8
971,84942.7
972,89030.9
973,92936.3
974,96650.4
975,100165
976,103473
977,106566
978,109437
979,112081
980,114492
981,116663
982,118590
983,120268
984,121694
985,122864
986,123775
987,124425
988,124812
989,124934
990,124792
991,124385
992,123713
993,122777
994,121580
995,120122
996,118407
997,116437
998,114218
999,111752
1000,109044
1001,106101
1002,102927
1003,99528.7
1004,95913.6
1005,92088.6
1006,88061.3
1007,83839.9
1008,79433
1009,74849.7
1010,70099.2
1011,65191.3
1012,60136.2
1024,8083.6
1025,13980.8
1026,19883.2
1027,25762.3
1028,31601.7
1029,37387.4
1030,43106.5
1031,48746.2
1032,54294.5
1033,59739.1
1034,65068.3
1035,70270.6
1036,75334.6
1037,80249.4
1038,85004.2
1039,89588.6
1040,93992.6
1041,98206.5
1042,102221
1043,106027
1044,109616
1045,112980
1046,116112
1047,119004
1048,121650
1049,124044
1050,126179
1051,128051
1052,129656
1053,130989
1054,132047
1055,132827
1056,133327
1057,133545
1058,133480
1059,133132
1060,132500
1061,131586
1062,130389
1063,128914
1064,127161
1065,125134
1066,122837
1067,120274
1068,117449
1069,114368
1070,111037
1071,107462
1072,103650
1073,99608.8
1074,95346.4
1075,90871.2
1076,86192
1077,81318.3
1078,76259.9
1079,71027
1080,65630.4
1081,60081
1092,7740.12
1093,14120.4
1094,20516.7
1095,26894.9
1096,33236.7
1097,39527.1
1098,45751.6
1099,51896.8
1100,57949
1101,63895.2
1102,69722.5
1103,75418.1
1104,80969.5
1105,86364.8
1106,91591.9
1107,96639.3
1108,101496
1109,106151
1110,110594
1111,114815
1112,118804
1113,122553
1114,126052
1115,129294
1116,132271
1117,134976
1118,137402
1119,139544
1120,141396
1121,142953
1122,144212
1123,145167
1124,145818
1125,146161
1126,146195
1127,145918
1128,145331
1129,144433
1130,143226
1131,141711
1132,139891
1133,137767
1134,135345
1135,132627
1136,129619
1137,126327
1138,122755
1139,118912
1140,114804
1141,110438
1142,105824
1143,100971
1144,95886.7
1145,90582.5
1146,85068.5
1147,79355.7
1148,73455.5
1149,67379.7
1150,61140.8
1151,54751.3
1160,7443.84
1161,14529.6
1162,21645.4
1163,28749.9
1164,35822.3
1165,42845.9
1166,49804.7
1167,56683.5
1168,63467.2
1169,70141.1
1170,76690.5
1171,83101.2
1172,89359
1173,95450.3
1174,101361
1175,107079
1176,112591
1177,117885
1178,122947
1179,127768
1180,132336
1181,136641
1182,140671
1183,144418
1184,147873
1185,151027
1186,153873
1187,156403
1188,158611
1189,160490
1190,162036
1191,163244
1192,164110
1193,164631
1194,164804
1195,164628
1196,164102
1197,163224
1198,161997
1199,160421
1200,158497
1201,156228
1202,153619
1203,150672
1204,147393
1205,143787
1206,139860
1207,135620
1208,131074
1209,126230
1210,121097
1211,115685
1212,110004
1213,104064
1214,97878.1
1215,91457.1
1216,84813.7
1217,77961
1218,70912.7
1219,63682.7
1220,56285.5
1228,7219.63
1229,15354.3
1230,23539.5
1231,31723.2
1232,39881.9
1233,47996.3
1234,56048.2
1235,64020
1236,71894.2
1237,79653.7
1238,87281.5
1239,94760.8
1240,102075
1241,109209
1242,116145
1243,122868
1244,129364
1245,135617
1246,141613
1247,147338
1248,152779
1249,157923
1250,162757
1251,167270
1252,171450
1253,175288
1254,178773
1255,181896
1256,184649
1257,187024
1258,189013
1259,190612
1260,191814
1261,192615
1262,193011
1263,192999
1264,192577
1265,191743
1266,190497
1267,188840
1268,186773
1269,184297
1270,181416
1271,178133
1272,174454
1273,170383
1274,165928
1275,161095
1276,155892
1277,150328
1278,144413
1279,138157
1280,131572
1281,124669
1282,117461
1283,109961
1284,102184
1285,94144.2
1286,85856.6
1287,77337.4
1288,68603.4
1289,59671.6
1290,50559.9
1296,7025.15
1297,16802.9
1298,26661.3
1299,36535.6
1300,46398.6
1301,56227.3
1302,66000.3
1303,75696.1
1304,85293.9
1305,94772.8
1306,104112
1307,113291
1308,122289
1309,131087
1310,139665
1311,148002
1312,156081
1313,163883
1314,171389
1315,178581
1316,185443
1317,191957
1318,198108
1319,203881
1320,209260
1321,214232
1322,218784
1323,222902
1324,226576
1325,229794
1326,232547
1327,234825
1328,236620
1329,237926
1330,238735
1331,239042
1332,238843
1333,238135
1334,236916
1335,235183
1336,232938
1337,230180
1338,226912
1339,223136
1340,218857
1341,214079
1342,208809
1343,203054
1344,196822
1345,190123
1346,182965
1347,175362
1348,167325
1349,158867
1350,150003
1351,140748
1352,131118
1353,121130
1354,110801
1355,100151
1356,89199.6
1357,77966.2
1358,66472.5
1359,54740.5
1365,19462.9
1366,32195.1
1367,44983
1368,57793.5
1369,70598.1
1370,83369.5
1371,96080.5
1372,108704
1373,121213
1374,133580
1375,145779
1376,157782
1377,169562
1378,181094
1379,192351
1380,203307
1381,213936
1382,224213
1383,234114
1384,243615
1385,252691
1386,261320
1387,269479
1388,277148
1389,284304
1390,290929
1391,297003
1392,302507
1393,307425
1394,311741
1395,315438
1396,318504
1397,320924
1398,322688
1399,323784
1400,324202
1401,323935
1402,322976
1403,321318
1404,318958
1405,315893
1406,312120
1407,307639
1408,302452
1409,296561
1410,289970
1411,282684
1412,274710
1413,266056
1414,256732
1415,246748
1416,236117
1417,224853
1418,212972
1419,200488
1420,187422
1421,173791
1422,159616
1423,144921
1424,129726
1425,114058
1426,97941.7
1427,81404.2
1428,64474.2
1433,25097
1434,43730.4
1435,62543.1
1436,81492.8
1437,100542
1438,119652
1439,138786
1440,157905
1441,176971
1442,195945
1443,214787
1444,233457
1445,251916
1446,270123
1447,288039
1448,305622
1449,322833
1450,339631
1451,355977
1452,371830
1453,387152
1454,401903
1455,416044
1456,429538
1457,442346
1458,454431
1459,465759
1460,476292
1461,485996
1462,494838
1463,502785
1464,509805
1465,515867
1466,520941
1467,525000
1468,528017
1469,529964
1470,530819
1471,530558
1472,529159
1473,526602
1474,522869
1475,517943
1476,511809
1477,504453
1478,495862
1479,486028
1480,474941
1481,462595
1482,448984
1483,434106
1484,417961
1485,400547
1486,381869
1487,361930
1488,340737
1489,318298
1490,294623
1491,269725
1492,243617
1493,216315
1494,187837
1495,158202
1496,127433
1497,95552.3
1498,62587.3
1501,42609.2
1502,79633.3
1503,117601
1504,156471
1505,196208
1506,236772
1507,278123
1508,320220
1509,363022
1510,406485
1511,450563
1512,495211
1513,540382
1514,586027
1515,632098
1516,678544
1517,725315
1518,772359
1519,819623
1520,867056
1521,914602
1522,962209
1523,1.00982e+06
1524,1.05738e+06
1525,1.10484e+06
1526,1.15215e+06
1527,1.19923e+06
1528,1.24605e+06
1529,1.29255e+06
1530,1.33866e+06
1531,1.38434e+06
1532,1.42953e+06
1533,1.47418e+06
1534,1.51824e+06
1535,1.56164e+06
1536,1.60435e+06
1537,1.6463e+06
1538,1.68744e+06
1539,1.72774e+06
1540,1.76713e+06
1541,1.80557e+06
1542,1.84301e+06
1543,1.87941e+06
1544,1.91472e+06
1545,1.9489e+06
1546,1.9819e+06
1547,2.01369e+06
1548,2.04423e+06
1549,2.07348e+06
1550,2.10139e+06
1551,2.12795e+06
1552,2.15311e+06
1553,2.17685e+06
1554,2.19913e+06
1555,2.21993e+06
1556,2.23922e+06
1557,2.25698e+06
1558,2.27319e+06
1559,2.28782e+06
1560,2.30086e+06
1561,2.3123e+06
1562,2.32211e+06
1563,2.33029e+06
1564,2.33684e+06
1565,2.34173e+06
1566,2.34496e+06
1567,2.34654e+06
1843,17320
1911,12387.7
1912,18425.1
1979,9117.66
1980,14080.4
1981,19008.3
2047,6811.99
2048,11001.4
2049,15180.5
2050,19319.9
2115,5109.8
2116,8709.33
2117,12325.8
2118,15917.7
2119,19468.7
2184,6930.93
2185,10108.1
2186,13274.8
2187,16411.6
2188,19507.4
2189,22553.9
2252,5521.59
2253,8342.59
2254,11168.7
2255,13974.8
2256,16748.5
2257,19481.6
2258,22167.2
2320,4389.4
2321,6911.25
2322,9457.61
2323,11993.5
2324,14504.7
2325,16982.5
2326,19420
2327,21811.3
2388,3466.72
2389,5727.13
2390,8038.48
2391,10349.6
2392,12643
2393,14909.3
2394,17141.4
2395,19333.7
2396,21480.9
2457,4725.45
2458,6835.29
2459,8956.41
2460,11066.6
2461,13155.1
2462,15214.7
2463,17239.9
2464,19225.4
2465,21166.9
2525,3886.16
2526,5816.02
2527,7772.65
2528,9725.7
2529,11662.4
2530,13575.1
2531,15457.9
2532,17306
2533,19115
2534,20880.6
2593,3155.27
2594,4919.65
2595,6731.97
2596,8548.96
2597,10354.9
2598,12141.1
2599,13901.6
2600,15631.6
2601,17326.7
2602,18982.9
2603,20596.6
2661,2552.22
2662,4153.57
2663,5835.17
2664,7531.86
2665,9223.12
2666,10899
2667,12553.1
2668,14180.3
2669,15776.5
2670,17337.8
2671,18860.5
2730,3475.14
2731,5036.77
2732,6626.63
2733,8217.16
2734,9796.47
2735,11357.5
2736,12895.1
2737,14405.1
2738,15883.5
2739,17327
2740,18732.3
2798,2883.86
2799,4329.52
2800,5821.99
2801,7322.42
2802,8816.03
2803,10294.8
2804,11753.4
2805,13187.3
2806,14592.8
2807,15966.5
2808,17305.3
2809,18606.2
2866,2376.37
2867,3704.09
2868,5106.01
2869,6525.07
2870,7942.12
2871,9347.83
2872,10736.3
2873,12102.9
2874,13444
2875,14756.2
2876,16036.4
2877,17281.6
2878,18489.2
2935,3134.33
2936,4449.35
2937,5793.78
2938,7141.77
2939,8482.02
2940,9807.88
2941,11114.6
2942,12398.5
2943,13656
2944,14884.1
2945,16080.1
2946,17241.2
2947,18364.8
3003,2632.98
3004,3861.28
3005,5136.01
3006,6420.99
3007,7702.08
3008,8971.69
3009,10224.7
3010,11457.3
3011,12665.9
3012,13847.6
3013,14999.5
3014,16119.1
3015,17203.9
3016,18251.5
3071,2183.5
3072,3321.31
3073,4530.11
3074,5757.43
3075,6985.05
3076,8204.09
3077,9409
3078,10595.6
3079,11760.6
3080,12900.8
3081,14013.5
3082,15096.2
3083,16146.4
3084,17161.9
3085,18140.3
3139,1806.39
3140,2837.28
3141,3979.18
3142,5151.5
3143,6329.45
3144,7502.11
3145,8663.16
3146,9808.17
3147,10933.6
3148,12036.5
3149,13113.9
3150,14163.5
3151,15182.7
3152,16169.4
3153,17121.3
3154,18036.4
3208,2396.64
3209,3468.93
3210,4588.56
3211,5720.42
3212,6850.62
3213,7971.82
3214,9079.18
3215,10169
3216,11238.2
3217,12283.9
3218,13303.7
3219,14295.3
3220,15256.2
3221,16184.5
3222,17078.2
3223,17935.2
3276,1996.67
3277,2992.92
3278,4061.19
3279,5149.99
3280,6241.19
3281,7326.06
3282,8399.22
3283,9456.75
3284,10495.5
3285,11512.6
3286,12505.6
3287,13472.2
3288,14410.1
3289,15317.2
3290,16191.6
3291,17031.4
3292,17834.7
3344,1666.43
3345,2568.45
3346,3582.34
3347,4628.83
3348,5682.98
3349,6733.91
3350,7775.42
3351,8803.27
3352,9814.11
3353,10805.1
3354,11773.7
3355,12717.7
3356,13634.7
3357,14522.7
3358,15379.8
3359,16204
3360,16993.7
3413,2179.74
3414,3136.41
3415,4142.28
3416,5162.14
3417,6182.15
3418,7195.06
3419,8196.21
3420,9182.06
3421,10149.7
3422,11096.6
3423,12020.4
3424,12918.9
3425,13790.1
3426,14632
3427,15442.8
3428,16220.8
3429,16964.1
3481,1821.46
3482,2710.96
3483,3675.4
3484,4662.43
3485,5653.64
3486,6640.29
3487,7617.12
3488,8580.35
3489,9526.98
3490,10454.4
3491,11360.2
3492,12242.3
3493,13098.6
3494,13927.2
3495,14726.3
3496,15494.1
3497,16228.9
3498,16929.2
3549,1516.33
3550,2317.04
3551,3235.4
3552,4189.13
3553,5152.41
3554,6114.16
3555,7068.22
3556,8010.45
3557,8937.66
3558,9847.16
3559,10736.6
3560,11603.7
3561,12446.6
3562,13263.2
3563,14051.7
3564,14810.5
3565,15537.8
3566,16232.2
3567,16892
3618,1957.67
3619,2824.6
3620,3745.1
3621,4681.83
3622,5620.42
3623,6553.54
3624,7476.57
3625,8386.12
3626,9279.41
3627,10154
3628,11007.7
3629,11838.5
3630,12644.5
3631,13423.7
3632,14174.6
3633,14895.5
3634,15584.8
3635,16241.1
3636,16862.9
3686,1635.86
3687,2438.4
3688,3323.28
3689,4233.74
3690,5150.26
3691,6063.82
3692,6969.14
3693,7862.54
3694,8741.08
3695,9602.29
3696,10443.9
3697,11264
3698,12060.5
3699,12831.7
3700,13575.8
3701,14291.2
3702,14976.4
3703,15629.8
3704,16250.1
3705,16836
3754,1365.04
3755,2082.32
3756,2927.71
3757,3811.91
3758,4707.45
3759,5602.88
3760,6492.01
3761,7370.79
3762,8236.11
3763,9085.4
3764,9916.4
3765,10727.1
3766,11515.4
3767,12279.7
3768,13018.2
3769,13729.2
3770,14411.2
3771,15062.8
3772,15682.5
3773,16269
3774,16821.1
3823,1750.44
3824,2545.45
3825,3400.78
3826,4275.07
3827,5152.92
3828,6026.76
3829,6891.94
3830,7745.11
3831,8583.58
3832,9405.01
3833,10207.3
3834,10988.5
3835,11746.9
3836,12480.6
3837,13188.1
3838,13867.7
3839,14518.1
3840,15137.9
3841,15725.6
3842,16280
3891,1458.73
3892,2190.13
3893,3014.59
3894,3868.14
3895,4729.57
3896,5589.44
3897,6442.39
3898,7284.75
3899,8113.69
3900,8926.79
3901,9721.93
3902,10497.1
3903,11250.6
3904,11980.6
3905,12685.4
3906,13363.6
3907,14013.7
3908,14634.1
3909,15223.7
3910,15781.2
3911,16305.3
3960,1846.33
3961,2631.67
3962,3462.41
3963,4307.16
3964,5153.47
3965,5994.85
3966,6827.19
3967,7647.42
3968,8453.03
3969,9241.82
3970,10011.8
3971,10761.2
3972,11488.1
3973,12191.1
3974,12868.4
3975,13518.7
3976,14140.5
3977,14732.4
3978,15293.3
3979,15821.9
3980,16317
4028,1541.68
4029,2277.62
4030,3083.64
4031,3911.8
4032,4745.18
4033,5575.82
4034,6398.99
4035,7211.36
4036,8010.3
4037,8793.53
4038,9559.05
4039,10305
4040,11029.6
4041,11731.2
4042,12408.2
4043,13059.2
4044,13682.7
4045,14277.4
4046,14842
4047,15375.3
4048,15876.2
4049,16343.5
4096,1277.54
4097,1942.49
4098,2719.07
4099,3529.87
4100,4350.73
4101,5171.42
4102,5986.38
4103,6791.91
4104,7585.2
4105,8363.89
4106,9125.92
4107,9869.39
4108,10592.5
4109,11293.7
4110,11971.3
4111,12623.8
4112,13249.8
4113,13847.9
4114,14416.9
4115,14955.5
4116,15462.6
4117,15937.2
4118,16378.1
4165,1622.69
4166,2360.2
4167,3151.44
4168,3959.53
4169,4770.69
4170,5578.11
4171,6377.57
4172,7166.02
4173,7940.99
4174,8700.34
4175,9442.14
4176,10164.6
4177,10866
4178,11544.9
4179,12199.6
4180,12828.7
4181,13430.9
4182,14004.8
4183,14549.3
4184,15063.2
4185,15545.3
4186,15994.7
4233,1333.86
4234,2014.2
4235,2781.49
4236,3575.72
4237,4377.25
4238,5177.38
4239,5971.16
4240,6755.22
4241,7526.93
4242,8284.07
4243,9024.66
4244,9746.86
4245,10449
4246,11129.4
4247,11786.7
4248,12419.2
4249,13025.8
4250,13604.9
4251,14155.5
4252,14676.2
4253,15166.1
4254,15624
4255,16049
4301,1105.82
4302,1699.24
4303,2435.99
4304,3214.94
4305,4006.81
4306,4800.08
4307,5588.8
4308,6369.16
4309,7138.31
4310,7893.93
4311,8633.98
4312,9356.6
4313,10060.1
4314,10742.7
4315,11403.1
4316,12039.6
4317,12651
4318,13235.8
4319,13792.9
4320,14321
4321,14818.9
4322,15285.7
4323,15720.3
4324,16121.9
4370,1388.31
4371,2082.03
4372,2843.36
4373,3625.5
4374,4412.46
4375,5196.82
4376,5974.22
4377,6741.55
4378,7496.38
4379,8236.58
4380,8960.26
4381,9665.67
4382,10351.2
4383,11015.2
4384,11656.2
4385,12272.9
4386,12863.9
4387,13427.8
4388,13963.6
4389,14470
4390,14945.9
4391,15390.4
4392,15802.5
4393,16181.4
4438,1146.76
4439,1769.92
4440,2506.14
4441,3275.98
4442,4055.64
4443,4835.32
4444,5609.73
4445,6375.39
4446,7129.65
4447,7870.29
4448,8595.34
4449,9303.01
4450,9991.64
4451,10659.6
4452,11305.5
4453,11927.7
4454,12525.1
4455,13096.2
4456,13639.9
4457,14154.9
4458,14640.1
4459,15094.6
4460,15517.4
4461,15907.5
4462,16264.2
4507,1461.31
4508,2164.37
4509,2921.04
4510,3694.07
4511,4470.11
4512,5242.66
4513,6007.77
4514,6762.55
4515,7504.68
4516,8232.12
4517,8943.04
4518,9635.74
4519,10308.6
4520,10960.1
4521,11588.8
4522,12193.4
4523,12772.4
4524,13324.7
4525,13849
4526,14344.3
4527,14809.4
4528,15243.4
4529,15645.4
4530,16014.5
4575,1178.37
4576,1827.31
4577,2566.09
4578,3331.36
4579,4103.63
4580,4874.57
4581,5639.51
4582,6395.26
4583,7139.35
4584,7869.66
4585,8584.3
4586,9281.54
4587,9959.75
4588,10617.4
4589,11253
4590,11865.1
4591,12452.4
4592,13013.7
4593,13547.7
4594,14053.3
4595,14529.4
4596,14974.9
4597,15389
4598,15770.8
4599,16119.4
4643,961.845
4644,1516.16
4645,2228.22
4646,2983.44
4647,3751.41
4648,4520.79
4649,5285.86
4650,6043
4651,6789.52
4652,7523.19
4653,8242.07
4654,8944.37
4655,9628.43
4656,10292.7
4657,10935.6
4658,11555.8
4659,12151.9
4660,12722.6
4661,13266.7
4662,13783.1
4663,14270.5
4664,14727.9
4665,15154.5
4666,15549.2
4667,15911.3
4668,16240
4712,1197.03
4713,1872
4714,2617.04
4715,3382.01
4716,4151.22
4717,4917.69
4718,5677.36
4719,6427.33
4720,7165.31
4721,7889.28
4722,8597.44
4723,9288.09
4724,9959.65
4725,10610.6
4726,11239.5
4727,11845
4728,12425.7
4729,12980.4
4730,13508
4731,14007.2
4732,14477
4733,14916.4
4734,15324.5
4735,15700.4
4736,16043.3
4737,16352.5
4780,972.362
4781,1564.83
4782,2286.62
4783,3043.33
4784,3809.75
4785,4576.17
4786,5337.51
4787,6090.45
4788,6832.46
4789,7561.41
4790,8275.4
4791,8972.71
4792,9651.69
4793,10310.8
4794,10948.6
4795,11563.6
4796,12154.5
4797,12720.1
4798,13259
4799,13770.2
4800,14252.6
4801,14705
4802,15126.7
4803,15516.5
4804,15873.8
4805,16197.8
4849,1261.2
4850,1947.54
4851,2694.18
4852,3458.11
4853,4225.28
4854,4989.24
4855,5746.11
4856,6493.1
4857,7227.95
4858,7948.69
4859,8653.52
4860,9340.77
4861,10008.9
4862,10656.3
4863,11281.7
4864,11883.5
4865,12460.6
4866,13011.7
4867,13535.6
4868,14031.1
4869,14497.3
4870,14933.1
4871,15337.5
4872,15709.8
4873,16049.1
4874,16354.7
4917,984.037
4918,1608.24
4919,2340.66
4920,3101.74
4921,3870.15
4922,4637.4
4923,5398.9
4924,6151.57
4925,6893
4926,7621.14
4927,8334.14
4928,9030.28
4929,9707.97
4930,10365.7
4931,11001.9
4932,11615.3
4933,12204.5
4934,12768.2
4935,13305.3
4936,13814.5
4937,14294.8
4938,14745.2
4939,15164.7
4940,15552.3
4941,15907.4
4942,16229
4943,16516.6
4986,1290.46
4987,1995.33
4988,2750.19
4989,3518.82
4990,4289.13
4991,5055.37
4992,5813.98
4993,6562.35
4994,7298.29
4995,8019.9
4996,8725.4
4997,9413.15
4998,10081.6
4999,10729.2
5000,11354.6
5001,11956.4
5002,12533.2
5003,13084
5004,13607.3
5005,14102.3
5006,14567.7
5007,15002.6
5008,15406
5009,15777.2
5010,16115.3
5011,16419.5
5012,16689.3
5054,1002.45
5055,1652.45
5056,2395.7
5057,3163.28
5058,3936.48
5059,4707.66
5060,5472.59
5061,6228.34
5062,6972.57
5063,7703.28
5064,8418.64
5065,9116.96
5066,9796.64
5067,10456.1
5068,11094
5069,11708.9
5070,12299.4
5071,12864.2
5072,13402.2
5073,13912.2
5074,14393.1
5075,14843.9
5076,15263.5
5077,15651.2
5078,16006.1
5079,16327.4
5080,16614.4
5122,785.537
5123,1323.63
5124,2046.41
5125,2811.49
5126,3587.66
5127,4364.28
5128,5136.14
5129,5899.91
5130,6653.1
5131,7393.58
5132,8119.47
5133,8829.03
5134,9520.6
5135,10192.6
5136,10843.6
5137,11472.2
5138,12076.9
5139,12656.5
5140,13209.7
5141,13735.3
5142,14232.2
5143,14699.4
5144,15135.8
5145,15540.5
5146,15912.6
5147,16251.4
5148,16556.1
5149,16826.1
5191,1012.87
5192,1693.56
5193,2452.61
5194,3231.33
5195,4013.75
5196,4793.15
5197,5565.67
5198,6328.56
5199,7079.57
5200,7816.75
5201,8538.3
5202,9242.54
5203,9927.87
5204,10592.8
5205,11235.8
5206,11855.4
5207,12450.5
5208,13019.6
5209,13561.6
5210,14075.2
5211,14559.5
5212,15013.2
5213,15435.6
5214,15825.7
5215,16182.6
5216,16505.5
5217,16793.9
5218,17047.1
5259,772.443
5260,1351
5261,2093.66
5262,2872.39
5263,3659.92
5264,4446.8
5265,5228.27
5266,6001.21
5267,6763.19
5268,7512.15
5269,8246.22
5270,8963.67
5271,9662.84
5272,10342.2
5273,11000.2
5274,11635.4
5275,12246.5
5276,12832.1
5277,13391
5278,13922
5279,14423.8
5280,14895.6
5281,15336.2
5282,15744.6
5283,16120.2
5284,16461.9
5285,16769.2
5286,17041.3
5287,17277.6
5328,1026.83
5329,1735.64
5330,2512.12
5331,3304.93
5332,4100
5333,4891.27
5334,5675.14
5335,6448.98
5336,7210.59
5337,7958.06
5338,8689.57
5339,9403.46
5340,10098.1
5341,10772
5342,11423.6
5343,12051.6
5344,12654.5
5345,13231.1
5346,13780.1
5347,14300.5
5348,14790.9
5349,15250.5
5350,15678.1
5351,16073
5352,16434.2
5353,16761
5354,17052.7
5355,17308.7
5396,752.915
5397,1373.57
5398,2139.97
5399,2936.61
5400,3739.83
5401,4541.3
5402,5336.69
5403,6123.05
5404,6898.04
5405,7659.64
5406,8406
5407,9135.38
5408,9846.13
5409,10536.7
5410,11205.5
5411,11851.1
5412,12472.2
5413,13067.3
5414,13635.3
5415,14174.8
5416,14684.7
5417,15164
5418,15611.7
5419,16026.6
5420,16408.1
5421,16755.2
5422,17067.2
5423,17343.4
5424,17583.3
5465,1029.53
5466,1768.12
5467,2565.77
5468,3376.82
5469,4188.81
5470,4996.25
5471,5795.75
5472,6584.8
5473,7361.25
5474,8123.17
5475,8868.77
5476,9596.35
5477,10304.3
5478,10991.1
5479,11655.1
5480,12295
5481,12909.5
5482,13497
5483,14056.5
5484,14586.7
5485,15086.5
5486,15554.8
5487,15990.5
5488,16392.9
5489,16760.9
5490,17093.9
5491,17391
5492,17651.8
5493,17875.5
5533,741.397
5534,1400.05
5535,2191.41
5536,3008.92
5537,3831.44
5538,4651.37
5539,5464.67
5540,6268.51
5541,7060.6
5542,7838.91
5543,8601.59
5544,9346.89
5545,10073.1
5546,10778.7
5547,11462.1
5548,12121.8
5549,12756.4
5550,13364.5
5551,13944.9
5552,14496.2
5553,15017.3
5554,15507.1
5555,15964.5
5556,16388.5
5557,16778.4
5558,17133.1
5559,17451.9
5560,17734.2
5561,17979.4
5602,1036.41
5603,1807.09
5604,2629.65
5605,3463.18
5606,4296.53
5607,5124.65
5608,5944.34
5609,6753.14
5610,7548.92
5611,8329.77
5612,9093.86
5613,9839.48
5614,10565
5615,11268.8
5616,11949.3
5617,12605.2
5618,13234.9
5619,13837.1
5620,14410.6
5621,14954.1
5622,15466.4
5623,15946.5
5624,16393.3
5625,16805.9
5626,17183.3
5627,17524.8
5628,17829.6
5629,18097.1
5630,18326.6
5670,714.808
5671,1416.67
5672,2238.78
5673,3082.72
5674,3929.91
5675,4773.58
5676,5609.99
5677,6436.42
5678,7250.64
5679,8050.64
5680,8834.53
5681,9600.56
5682,10347
5683,11072.2
5684,11774.7
5685,12452.8
5686,13105.2
5687,13730.4
5688,14327.1
5689,14894
5690,15430
5691,15933.7
5692,16404.2
5693,16840.5
5694,17241.6
5695,17606.7
5696,17935
5697,18225.7
5698,18478.2
5699,18692.1
5739,1039.89
5740,1844.76
5741,2696.36
5742,3557.08
5743,4416.7
5744,5270.5
5745,6115.4
5746,6948.96
5747,7769.08
5748,8573.78
5749,9361.24
5750,10129.7
5751,10877.5
5752,11602.9
5753,12304.4
5754,12980.6
5755,13629.9
5756,14250.9
5757,14842.3
5758,15402.9
5759,15931.4
5760,16426.7
5761,16887.8
5762,17313.6
5763,17703.3
5764,18056
5765,18370.9
5766,18647.3
5767,18884.8
5768,19082.6
5807,694.586
5808,1438.71
5809,2294.77
5810,3169.59
5811,4046.36
5812,4918.88
5813,5783.6
5814,6637.87
5815,7479.46
5816,8306.33
5817,9116.58
5818,9908.4
5819,10680
5820,11429.8
5821,12156.1
5822,12857.3
5823,13532
5824,14178.7
5825,14795.9
5826,15382.5
5827,15937
5828,16458.4
5829,16945.6
5830,17397.3
5831,17812.8
5832,18191.1
5833,18531.3
5834,18832.8
5835,19094.9
5836,19317.1
5876,1034.18
5877,1881.56
5878,2769.21
5879,3663.64
5880,4555.86
5881,5441.54
5882,6317.74
5883,7182.08
5884,8032.43
5885,8866.81
5886,9683.35
5887,10480.2
5888,11255.7
5889,12008.2
5890,12735.9
5891,13437.4
5892,14111.1
5893,14755.6
5894,15369.5
5895,15951.5
5896,16500.3
5897,17014.8
5898,17493.8
5899,17936.4
5900,18341.5
5901,18708.4
5902,19036.1
5903,19324.1
5904,19571.6
5905,19778.1
5944,665.491
5945,1459.08
5946,2355.97
5947,3268.37
5948,4181.38
5949,5089.35
5950,5988.92
5951,6877.5
5952,7752.86
5953,8612.93
5954,9455.78
5955,10279.5
5956,11082.4
5957,11862.5
5958,12618.4
5959,13348.3
5960,14050.7
5961,14724
5962,15366.9
5963,15977.9
5964,16555.7
5965,17099.2
5966,17607.1
5967,18078.3
5968,18511.8
5969,18906.7
5970,19262.1
5971,19577.3
5972,19851.6
5973,20084.3
5974,20275
6013,1031.53
6014,1923.65
6015,2852.57
6016,3786.87
6017,4718.2
6018,5642.44
6019,6556.69
6020,7458.57
6021,8345.89
6022,9216.64
6023,10068.9
6024,10900.7
6025,11710.3
6026,12496
6027,13256
6028,13988.8
6029,14692.7
6030,15366.2
6031,16008
6032,16616.5
6033,17190.6
6034,17729
6035,18230.4
6036,18693.9
6037,19118.5
6038,19503.1
6039,19847.1
6040,20149.6
6041,20409.9
6042,20627.5
6081,637.177
6082,1477.72
6083,2420.37
6084,3376.78
6085,4332.94
6086,5283.48
6087,6225.12
6088,7155.25
6089,8071.6
6090,8972.04
6091,9854.56
6092,10717.2
6093,11558.1
6094,12375.4
6095,13167.5
6096,13932.4
6097,14668.7
6098,15374.8
6099,16049.1
6100,16690.2
6101,17296.6
6102,17867.2
6103,18400.7
6104,18895.9
6105,19351.8
6106,19767.3
6107,20141.6
6108,20473.8
6109,20763.3
6110,21009.3
6111,21211.3
6150,1024.09
6151,1969.97
6152,2948.63
6153,3931.12
6154,4909.81
6155,5880.79
6156,6841.2
6157,7788.64
6158,8720.87
6159,9635.8
6160,10531.4
6161,11405.7
6162,12256.9
6163,13083
6164,13882.4
6165,14653.3
6166,15394
6167,16103
6168,16778.7
6169,17419.7
6170,18024.6
6171,18592.1
6172,19121
6173,19610.2
6174,20058.5
6175,20465
6176,20828.9
6177,21149.2
6178,21425.4
6179,21656.8
6180,21842.8
6218,593.812
6219,1495.19
6220,2494.21
6221,3504.38
6222,4513.13
6223,5515.54
6224,6508.4
6225,7489.14
6226,8455.42
6227,9405.04
6228,10335.9
6229,11246
6230,12133.3
6231,12995.9
6232,13832
6233,14639.8
6234,15417.5
6235,16163.5
6236,16876.1
6237,17553.9
6238,18195.4
6239,18799.2
6240,19364
6241,19888.6
6242,20371.8
6243,20812.6
6244,21210
6245,21563.2
6246,21871.3
6247,22133.8
6248,22349.9
6287,1017.27
6288,2026.72
6289,3065.12
6290,4105.89
6291,5142.05
6292,6169.86
6293,7186.48
6294,8189.45
6295,9176.45
6296,10145.3
6297,11093.9
6298,12020.1
6299,12922
6300,13797.7
6301,14645.2
6302,15462.7
6303,16248.5
6304,17000.9
6305,17718.2
6306,18399
6307,19041.8
6308,19645.1
6309,20207.7
6310,20728.4
6311,21206
6312,21639.4
6313,22027.8
6314,22370.3
6315,22666
6316,22914.4
6317,23114.9
6355,549.54
6356,1516.73
6357,2582.19
6358,3656.99
6359,4729.51
6360,5795.04
6361,6850.43
6362,7893.03
6363,8920.41
6364,9930.29
6365,10920.4
6366,11888.7
6367,12833
6368,13751.3
6369,14641.6
6370,15502.1
6371,16330.8
6372,17126
6373,17886.1
6374,18609.2
6375,19294
6376,19938.9
6377,20542.5
6378,21103.5
6379,21620.7
6380,22093
6381,22519.3
6382,22898.7
6383,23230.3
6384,23513.5
6385,23747.5
6386,23931.8
6424,987.844
6425,2072.86
6426,3183.5
6427,4295.11
6428,5401.31
6429,6498.49
6430,7583.8
6431,8654.69
6432,9708.75
6433,10743.7
6434,11757.2
6435,12747.1
6436,13711.3
6437,14647.7
6438,15554.4
6439,16429.3
6440,17270.6
6441,18076.4
6442,18845.1
6443,19575.1
6444,20264.6
6445,20912.2
6446,21516.6
6447,22076.4
6448,22590.3
6449,23057.3
6450,23476.4
6451,23846.5
6452,24166.9
6453,24436.8
6454,24655.7
6455,24823
6492,491.515
6493,1535.66
6494,2681.35
6495,3834.55
6496,4984.58
6497,6126.97
6498,7258.55
6499,8376.59
6500,9478.55
6501,10562
6502,11624.5
6503,12663.9
6504,13677.9
6505,14664.3
6506,15621
6507,16546
6508,17437.2
6509,18292.7
6510,19110.8
6511,19889.6
6512,20627.4
6513,21322.8
6514,21974.1
6515,22579.9
6516,23138.9
6517,23650
6518,24111.9
6519,24523.6
6520,24884.3
6521,25193
6522,25449.2
6523,25652.2
6561,961.268
6562,2136.91
6563,3335.16
6564,4533.16
6565,5725.02
6566,6907.18
6567,8076.72
6568,9230.96
6569,10367.4
6570,11483.4
6571,12576.7
6572,13645
6573,14685.8
6574,15697
6575,16676.5
6576,17622.1
6577,18531.7
6578,19403.5
6579,20235.5
6580,21026
6581,21773.3
6582,22475.6
6583,23131.5
6584,23739.6
6585,24298.6
6586,24807.1
6587,25264.1
6588,25668.5
6589,26019.4
6590,26316.1
6591,26557.9
6592,26744.1
6629,419.983
6630,1555.93
6631,2800.13
6632,4049.92
6633,5295.66
6634,6533.05
6635,7758.88
6636,8970.3
6637,10164.6
6638,11339.2
6639,12491.5
6640,13619.1
6641,14719.5
6642,15790.4
6643,16829.5
6644,17834.6
6645,18803.4
6646,19734
6647,20624.3
6648,21472.3
6649,22276.3
6650,23034.5
6651,23745.2
6652,24407
6653,25018.3
6654,25577.8
6655,26084.2
6656,26536.5
6657,26933.6
6658,27274.5
6659,27558.7
6660,27785.2
6661,27953.7
6698,927.67
6699,2212.55
6700,3518.54
6701,4823.43
6702,6121.56
6703,7409.31
6704,8683.63
6705,9941.64
6706,11180.6
6707,12397.8
6708,13590.7
6709,14756.6
6710,15893.1
6711,16997.8
6712,18068.2
6713,19102.1
6714,20097.3
6715,21051.6
6716,21962.9
6717,22829.3
6718,23648.9
6719,24419.9
6720,25140.6
6721,25809.4
6722,26424.9
6723,26985.7
6724,27490.6
6725,27938.3
6726,28328
6727,28658.6
6728,28929.5
6729,29140
6766,338.143
6767,1576.25
6768,2942.38
6769,4312.5
6770,5677.78
6771,7034.02
6772,8377.88
6773,9706.34
6774,11016.5
6775,12305.4
6776,13570.5
6777,14808.8
6778,16017.9
6779,17195.1
6780,18337.8
6781,19443.7
6782,20510.3
6783,21535.4
6784,22516.7
6785,23452
6786,24339.5
6787,25177.1
6788,25963
6789,26695.5
6790,27373
6791,27993.9
6792,28556.9
6793,29060.7
6794,29504.1
6795,29886.3
6796,30206.1
6797,30463
6798,30656.2
6835,877.278
6836,2301.11
6837,3743.13
6838,5182.97
6839,6615.32
6840,8036.51
6841,9443.29
6842,10832.5
6843,12201.3
6844,13546.5
6845,14865.5
6846,16155.2
6847,17413
6848,18636.2
6849,19822
6850,20968.1
6851,22071.9
6852,23131
6853,24143.1
6854,25106.1
6855,26017.8
6856,26876.2
6857,27679.5
6858,28425.9
6859,29113.6
6860,29741.3
6861,30307.5
6862,30810.8
6863,31250.1
6864,31624.5
6865,31933
6866,32174.9
6867,32349.5
6903,262.114
6904,1601.2
6905,3121.5
6906,4644.46
6907,6161.92
6908,7669.65
6909,9164.09
6910,10642
6911,12100
6912,13535.2
6913,14944.3
6914,16324.4
6915,17672.5
6916,18985.7
6917,20261.3
6918,21496.4
6919,22688.4
6920,23834.7
6921,24932.9
6922,25980.5
6923,26975.2
6924,27915
6925,28797.6
6926,29621.3
6927,30384
6928,31084.2
6929,31720.3
6930,32290.7
6931,32794.3
6932,33229.8
6933,33596.3
6934,33892.7
6935,34118.4
6972,820.366
6973,2418.71
6974,4034.87
6975,5648.3
6976,7253.69
6977,8847.13
6978,10425
6979,11984
6980,13520.7
6981,15031.7
6982,16514
6983,17964.2
6984,19379.2
6985,20756.1
6986,22091.9
6987,23383.7
6988,24628.7
6989,25824.1
6990,26967.5
6991,28056.3
6992,29088.1
6993,30060.6
6994,30971.7
6995,31819.4
6996,32601.8
6997,33317.1
6998,33963.7
6999,34540
7000,35044.9
7001,35477
7002,35835.4
7003,36119.2
7004,36327.5
7041,1622.17
7042,3342.87
7043,5065.26
7044,6781.62
7045,8487.54
7046,10179.2
7047,11852.8
7048,13504.8
7049,15131.8
7050,16730.1
7051,18296.3
7052,19827.2
7053,21319.4
7054,22769.7
7055,24175
7056,25532.3
7057,26838.5
7058,28090.9
7059,29286.7
7060,30423.2
7061,31498.1
7062,32508.9
7063,33453.4
7064,34329.4
7065,35134.9
7066,35868.3
7067,36527.7
7068,37111.6
7069,37618.7
7070,38047.7
7071,38397.6
7072,38667.5
7073,38856.6
7109,737.33
7110,2568.35
7111,4415.45
7112,6259.21
7113,8094.35
7114,9916.63
7115,11722.1
7116,13506.8
7117,15266.9
7118,16998.8
7119,18698.6
7120,20362.7
7121,21987.6
7122,23569.8
7123,25105.8
7124,26592.3
7125,28026.1
7126,29404.1
7127,30723.2
7128,31980.6
7129,33173.5
7130,34299.2
7131,35355.3
7132,36339.3
7133,37249.1
7134,38082.5
7135,38837.8
7136,39513
7137,40106.7
7138,40617.3
7139,41043.7
7140,41384.8
7141,41639.6
7178,1665.74
7179,3656.75
7180,5648.63
7181,7634.1
7182,9608.43
7183,11567.3
7184,13506.4
7185,15421.8
7186,17309.2
7187,19164.6
7188,20984
7189,22763.6
7190,24499.6
7191,26188.1
7192,27825.5
7193,29408.2
7194,30932.9
7195,32396.1
7196,33794.7
7197,35125.5
7198,36385.6
7199,37572.3
7200,38682.8
7201,39714.6
7202,40665.4
7203,41532.9
7204,42315.3
7205,43010.5
7206,43617
7207,44133.3
7208,44558.1
7209,44890.2
7210,45128.8
7246,614.308
7247,2765.57
7248,4931.45
7249,7093.74
7250,9247
7251,11386.5
7252,13507.5
7253,15605.6
7254,17676.3
7255,19715.2
7256,21717.9
7257,23680
7258,25597.5
7259,27466
7260,29281.7
7261,31040.4
7262,32738.5
7263,34372.2
7264,35937.9
7265,37432
7266,38851.4
7267,40192.8
7268,41453.2
7269,42629.8
7270,43719.9
7271,44720.9
7272,45630.5
7273,46446.6
7274,47167.2
7275,47790.6
7276,48315.1
7277,48739.5
7278,49062.5
7279,49283.3
7315,1705.67
7316,4077.91
7317,6451.11
7318,8817.99
7319,11173.2
7320,13511.7
7321,15828.4
7322,18118.5
7323,20376.9
7324,22599
7325,24779.9
7326,26914.9
7327,28999.5
7328,31029
7329,32999.1
7330,34905.5
7331,36744
7332,38510.6
7333,40201.3
7334,41812.3
7335,43340.1
7336,44781.2
7337,46132.4
7338,47390.5
7339,48552.6
7340,49616.1
7341,50578.3
7342,51437
7343,52190.1
7344,52835.7
7345,53372.2
7346,53797.9
7347,54111.9
7383,435.584
7384,3047.49
7385,5677.19
7386,8304.05
7387,10922
7388,13525.3
7389,16108.5
7390,18666
7391,21192.4
7392,23682.4
7393,26130.4
7394,28531.4
7395,30880
7396,33171.3
7397,35400.1
7398,37561.7
7399,39651.3
7400,41664.3
7401,43596.1
7402,45442.6
7403,47199.5
7404,48862.8
7405,50428.9
7406,51894
7407,53254.7
7408,54508
7409,55650.7
7410,56680.2
7411,57593.9
7412,58389.5
7413,59064.9
7414,59618.4
7415,60048.3
7416,60353.4
7452,1778.69
7453,4727.13
7454,7677.78
7455,10623.1
7456,13556.8
7457,16472.5
7458,19364.1
7459,22225.4
7460,25050.3
7461,27832.8
7462,30566.8
7463,33246.5
7464,35866
7465,38419.6
7466,40901.8
7467,43307.1
7468,45630.1
7469,47865.7
7470,50008.9
7471,52054.8
7472,53998.8
7473,55836.4
7474,57563.5
7475,59175.9
7476,60669.9
7477,62041.8
7478,63288.4
7479,64406.6
7480,65393.5
7481,66246.7
7482,66963.7
7483,67542.6
7484,67981.6
7485,68279.3
7520,175.44
7521,3507.15
7522,6872.32
7523,10237.3
7524,13594.7
7525,16937.5
7526,20258.4
7527,23550.6
7528,26806.9
7529,30020.4
7530,33184.1
7531,36291.4
7532,39335.3
7533,42309.2
7534,45206.7
7535,48021.3
7536,50746.9
7537,53377.2
7538,55906.5
7539,58328.9
7540,60638.9
7541,62831.3
7542,64901
7543,66843
7544,68652.7
7545,70325.9
7546,71858.3
7547,73246.3
7548,74486.2
7549,75574.8
7550,76509.2
7551,77286.7
7552,77905
7553,78362.2
7589,1887.97
7590,5802.88
7591,9725.31
7592,13646.4
7593,17557.7
7594,21451.1
7595,25318.4
7596,29151.3
7597,32941.5
7598,36681.1
7599,40361.9
7600,43975.9
7601,47515.2
7602,50972.1
7603,54339
7604,57608.2
7605,60772.6
7606,63824.9
7607,66758.2
7608,69565.9
7609,72241.3
7610,74778.2
7611,77170.6
7612,79412.9
7613,81499.4
7614,83425.1
7615,85185.2
7616,86775
7617,88190.4
7618,89427.5
7619,90482.8
7620,91353.2
7621,92035.9
7622,92528.5
7658,4318.33
7659,9017.94
7660,13726.1
7661,18432.9
7662,23128.5
7663,27802.9
7664,32446.5
7665,37049.1
7666,41601.1
7667,46092.6
7668,50513.8
7669,54855.1
7670,59107.1
7671,63260.2
7672,67305.1
7673,71232.9
7674,75034.7
7675,78701.6
7676,82225.2
7677,85597.3
7678,88810
7679,91855.5
7680,94726.5
7681,97415.9
7682,99916.9
7683,102223
7684,104329
7685,106228
7686,107915
7687,109386
7688,110636
7689,111661
7690,112457
7691,113022
7726,2109.54
7727,7969.32
7728,13855.4
7729,19755.4
7730,25657.3
7731,31548.8
7732,37417.5
7733,43251
7734,49037.1
7735,54763.2
7736,60417.1
7737,65986.5
7738,71459
7739,76822.7
7740,82065.6
7741,87175.8
7742,92141.8
7743,96952
7744,101595
7745,106061
7746,110338
7747,114416
7748,118285
7749,121935
7750,125358
7751,128544
7752,131484
7753,134171
7754,136597
7755,138755
7756,140638
7757,142240
7758,143556
7759,144579
7795,6223.54
7796,14067.2
7797,21958.2
7798,29880.8
7799,37818.9
7800,45756.3
7801,53676.7
7802,61563.6
7803,69400.4
7804,77170.5
7805,84857.2
7806,92443.9
7807,99914
7808,107251
7809,114438
7810,121459
7811,128298
7812,134938
7813,141365
7814,147562
7815,153515
7816,159208
7817,164627
7818,169759
7819,174588
7820,179102
7821,183289
7822,187136
7823,190631
7824,193763
7825,196522
7826,198898
7827,200881
7828,202463
7863,2775.16
7864,14518.6
7865,26405
7866,38412.7
7867,50519.6
7868,62702.8
7869,74939.2
7870,87205
7871,99476.3
7872,111729
7873,123937
7874,136078
7875,148124
7876,160051
7877,171833
7878,183444
7879,194859
7880,206051
7881,216995
7882,227665
7883,238036
7884,248081
7885,257775
7886,267094
7887,276011
7888,284504
7889,292546
7890,300115
7891,307188
7892,313740
7893,319750
7894,325196
7895,330056
7896,334311
7897,337939
7932,15822.1
7933,39820.4
7934,64460.7
7935,89721.6
7936,115580
7937,142013
7938,168996
7939,196502
7940,224505
7941,252979
7942,281893
7943,311220
7944,340930
7945,370990
7946,401371
7947,432039
7948,462962
7949,494107
7950,525440
7951,556926
7952,588530
7953,620217
7954,651952
7955,683698
7956,715419
7957,747078
7958,778640
7959,810067
7960,841321
7961,872368
7962,903169
7963,933687
7964,963887
7965,993731
8000,1.07717e+08
8035,993554
8036,963258
8037,932633
8038,901713
8039,870535
8040,839133
8041,807545
8042,775807
8043,743954
8044,712022
8045,680049
8046,648069
8047,616118
8048,584232
8049,552446
8050,520795
8051,489313
8052,458034
8053,426992
8054,396220
8055,365750
8056,335614
8057,305843
8058,276468
8059,247517
8060,219021
8061,191006
8062,163500
8063,136529
8064,110119
8065,84293.2
8066,59075.6
8067,34488.3
8068,10552.6
8104,334205
8105,329796
8106,324784
8107,319191
8108,313037
8109,306345
8110,299137
8111,291437
8112,283268
8113,274654
8114,265620
8115,256190
8116,246389
8117,236243
8118,225777
8119,215017
8120,203988
8121,192717
8122,181229
8123,169551
8124,157707
8125,145725
8126,133628
8127,121444
8128,109197
8129,96912.5
8130,84614.6
8131,72328
8132,60076.5
8133,47883.9
8134,35773.2
8135,23767.1
8136,11887.9
8137,168.056
8172,202477
8173,200800
8174,198723
8175,196256
8176,193406
8177,190185
8178,186603
8179,182671
8180,178402
8181,173808
8182,168900
8183,163694
8184,158203
8185,152440
8186,146421
8187,140160
8188,133673
8189,126975
8190,120083
8191,113012
8192,105778
8193,98397.9
8194,90888.2
8195,83265.5
8196,75546.4
8197,67747.6
8198,59885.9
8199,51977.7
8200,44039.9
8201,36088.7
8202,28140.6
8203,20211.8
8204,12318.2
8205,4476.09
8241,144578
8242,143486
8243,142104
8244,140435
8245,138487
8246,136265
8247,133776
8248,131027
8249,128026
8250,124782
8251,121302
8252,117596
8253,113674
8254,109544
8255,105218
8256,100705
8257,96017
8258,91164
8259,86157.7
8260,81009.5
8261,75731.1
8262,70334.4
8263,64831.5
8264,59234.4
8265,53555.4
8266,47806.8
8267,42001.1
8268,36150.6
8269,30267.7
8270,24364.9
8271,18454.4
8272,12548.5
8273,6659.69
8274,805.463
8310,112447
8311,111598
8312,110521
8313,109219
8314,107697
8315,105959
8316,104011
8317,101857
8318,99503
8319,96955.7
8320,94221.3
8321,91306.7
8322,88218.9
8323,84965.4
8324,81554
8325,77992.8
8326,74290
8327,70454.1
8328,66494
8329,62418.6
8330,58237
8331,53958.6
8332,49592.7
8333,45149.1
8334,40637.3
8335,36067.1
8336,31448.3
8337,26790.9
8338,22104.8
8339,17399.7
8340,12685.7
8341,7972.73
8342,3271.42
8378,92556.4
8379,92020.3
8380,91294.3
8381,90381
8382,89283.2
8383,88004
8384,86547.3
8385,84916.7
8386,83116.8
8387,81152
8388,79027.3
8389,76747.9
8390,74319.3
8391,71747.4
8392,69038.2
8393,66198.1
8394,63233.6
8395,60151.4
8396,56958.7
8397,53662.6
8398,50270.5
8399,46789.8
8400,43228.4
8401,39594
8402,35894.4
8403,32137.8
8404,28332.3
8405,24486
8406,20607
8407,16703.8
8408,12784.5
8409,8857.47
8410,4931.35
8411,1020.88
8447,78379.9
8448,77885.8
8449,77230.7
8450,76416.7
8451,75446.3
8452,74322
8453,73046.9
8454,71624.4
8455,70057.9
8456,68351.5
8457,66509.3
8458,64535.6
8459,62435.2
8460,60213
8461,57874.2
8462,55424
8463,52868.2
8464,50212.4
8465,47462.6
8466,44625.1
8467,41705.9
8468,38711.7
8469,35648.8
8470,32524.1
8471,29344.3
8472,26116.3
8473,22846.9
8474,19543.2
8475,16212.3
8476,12861.2
8477,9497.11
8478,6127.31
8479,2760.37
8516,67991.6
8517,67520.5
8518,66909.7
8519,66161
8520,65276.5
8521,64258.5
8522,63109.8
8523,61833
8524,60431.5
8525,58908.6
8526,57267.9
8527,55513.3
8528,53648.8
8529,51678.9
8530,49607.9
8531,47440.5
8532,45181.7
8533,42836.5
8534,40410.2
8535,37908
8536,35335.4
8537,32698.2
8538,30002
8539,27252.8
8540,24456.3
8541,21618.7
8542,18746.1
8543,15844.5
8544,12920.1
8545,9979.32
8546,7028.39
8547,4074.21
8548,1130.44
8584,60386.1
8585,60052.5
8586,59594.2
8587,59012.5
8588,58309
8589,57485.6
8590,56544.5
8591,55487.9
8592,54318.5
8593,53039.1
8594,51652.7
8595,50162.5
8596,48572
8597,46884.9
8598,45105
8599,43236.4
8600,41283.1
8601,39249.6
8602,37140.4
8603,34960.1
8604,32713.5
8605,30405.5
8606,28041.2
8607,25625.7
8608,23164.1
8609,20661.9
8610,18124.3
8611,15556.7
8612,12964.8
8613,10354
8614,7729.92
8615,5098.59
8616,2467.65
8653,54137
8654,53797.5
8655,53346.2
8656,52784.4
8657,52113.7
8658,51335.6
8659,50452.2
8660,49465.7
8661,48378.3
8662,47192.6
8663,45911.5
8664,44537.8
8665,43074.8
8666,41525.7
8667,39894
8668,38183.3
8669,36397.6
8670,34540.6
8671,32616.6
8672,30629.7
8673,28584.3
8674,26484.8
8675,24335.8
8676,22141.8
8677,19907.7
8678,17638.2
8679,15338.2
8680,13012.6
8681,10666.4
8682,8304.67
8683,5932.68
8684,3556.46
8685,1190.27
8722,49081.5
8723,48735.2
8724,48287.6
8725,47740
8726,47093.8
8727,46350.5
8728,45512
8729,44580.3
8730,43557.6
8731,42446.2
8732,41248.7
8733,39967.9
8734,38606.5
8735,37167.8
8736,35654.9
8737,34071.2
8738,32420.1
8739,30705.3
8740,28930.5
8741,27099.7
8742,25216.7
8743,23285.8
8744,21310.9
8745,19296.5
8746,17246.7
8747,15166.1
8748,13059.1
8749,10930.1
8750,8783.81
8751,6624.93
8752,4458.6
8753,2292.09
8754,254.631
8790,45163.9
8791,44904
8792,44550.6
8793,44104.6
8794,43567.2
8795,42939.7
8796,42223.7
8797,41420.8
8798,40533
8799,39562.3
8800,38510.9
8801,37381.3
8802,36176
8803,34897.6
8804,33549
8805,32133.3
8806,30653.5
8807,29112.9
8808,27514.9
8809,25862.9
8810,24160.6
8811,22411.5
8812,20619.6
8813,18788.5
8814,16922.4
8815,15025.2
8816,13100.9
8817,11153.7
8818,9187.73
8819,7207.41
8820,5217.27
8821,3222.89
8822,1238.72
8859,41668.8
8860,41394.2
8861,41033.5
8862,40587.5
8863,40057.3
8864,39444.2
8865,38749.8
8866,37975.6
8867,37123.5
8868,36195.3
8869,35193.2
8870,34119.5
8871,32976.5
8872,31766.8
8873,30493.1
8874,29158.1
8875,27764.9
8876,26316.4
8877,24815.8
8878,23266.4
8879,21671.5
8880,20034.5
8881,18359.1
8882,16648.7
8883,14907
8884,13137.9
8885,11345
8886,9532.31
8887,7703.74
8888,5863.46
8889,4016.18
8890,2169.44
8891,404.029
8928,38691.5
8929,38403.2
8930,38035
8931,37587.7
8932,37062.5
8933,36460.5
8934,35783.3
8935,35032.3
8936,34209.4
8937,33316.2
8938,32355
8939,31327.8
8940,30236.9
8941,29084.7
8942,27873.8
8943,26606.7
8944,25286.3
8945,23915.5
8946,22497.2
8947,21034.4
8948,19530.4
8949,17988.4
8950,16411.7
8951,14803.6
8952,13167.7
8953,11507.4
8954,9826.38
8955,8128.22
8956,6416.78
8957,4696.2
8958,2971.93
8959,1259.36
8996,36364.3
8997,36138.7
8998,35837.8
8999,35462.3
9000,35013
9001,34491.1
9002,33897.9
9003,33234.6
9004,32502.8
9005,31704.2
9006,30840.5
9007,29913.7
9008,28925.8
9009,27879.1
9010,26775.7
9011,25618.2
9012,24409.1
9013,23150.9
9014,21846.5
9015,20498.6
9016,19110.1
9017,17684.1
9018,16223.5
9019,14731.6
9020,13211.6
9021,11666.6
9022,10100.1
9023,8515.43
9024,6916.16
9025,5306.06
9026,3689.62
9027,2074.77
9028,527.771
9065,34150.2
9066,33908.3
9067,33595.6
9068,33213
9069,32761.4
9070,32241.8
9071,31655.5
9072,31003.7
9073,30288
9074,29510
9075,28671.4
9076,27774
9077,26819.8
9078,25811
9079,24749.8
9080,23638.4
9081,22479.2
9082,21274.9
9083,20027.9
9084,18741
9085,17417
9086,16058.6
9087,14668.9
9088,13250.8
9089,11807.3
9090,10341.5
9091,8856.76
9092,7356.21
9093,5843.35
9094,4322.09
9095,2797.83
9096,1286.55
9134,32202.2
9135,31945.1
9136,31621.2
9137,31231.6
9138,30777
9139,30258.5
9140,29677.4
9141,29034.9
9142,28332.5
9143,27571.7
9144,26754.3
9145,25881.9
9146,24956.7
9147,23980.5
9148,22955.4
9149,21883.9
9150,20768
9151,19610.3
9152,18413.3
9153,17179.5
9154,15911.6
9155,14612.3
9156,13284.4
9157,11930.7
9158,10554.2
9159,9157.85
9160,7744.75
9161,6318.09
9162,4881.37
9163,3438.93
9164,1998.86
9165,618.094
9202,30694.2
9203,30486.4
9204,30215
9205,29880.6
9206,29484
9207,29026.1
9208,28507.9
9209,27930.7
9210,27295.7
9211,26604.4
9212,25858.3
9213,25058.9
9214,24208.2
9215,23307.9
9216,22360
9217,21366.5
9218,20329.7
9219,19251.6
9220,18134.8
9221,16981.6
9222,15794.4
9223,14575.8
9224,13328.4
9225,12055
9226,10758.2
9227,9440.84
9228,8105.87
9229,6756.27
9230,5395.26
9231,4026.58
9232,2655.8
9233,1299.79
9271,29173.7
9272,28949.4
9273,28664.7
9274,28320.2
9275,27916.7
9276,27455.2
9277,26936.7
9278,26362.3
9279,25733.4
9280,25051.4
9281,24317.7
9282,23534
9283,22701.9
9284,21823.3
9285,20900.1
9286,19934.3
9287,18927.9
9288,17883.2
9289,16802.4
9290,15687.8
9291,14541.9
9292,13367
9293,12165.6
9294,10940.5
9295,9694.27
9296,8429.59
9297,7149.32
9298,5856.46
9299,4554.36
9300,3247.42
9301,1944.41
9302,700.385
9340,27815.1
9341,27575.3
9342,27277.9
9343,26923.6
9344,26513.3
9345,26047.9
9346,25528.4
9347,24956
9348,24332
9349,23657.6
9350,22934.5
9351,22164.2
9352,21348.3
9353,20488.6
9354,19587
9355,18645.5
9356,17666
9357,16650.8
9358,15601.8
9359,14521.5
9360,13412.1
9361,12276.1
9362,11115.8
9363,9933.8
9364,8732.67
9365,7515.09
9366,6283.86
9367,5042.04
9368,3793.33
9369,2543.55
9370,1310.7
9408,26783.1
9409,26584.2
9410,26329.7
9411,26020.3
9412,25656.6
9413,25239.5
9414,24770
9415,24248.9
9416,23677.7
9417,23057.3
9418,22389.3
9419,21675.1
9420,20916.3
9421,20114.4
9422,19271.3
9423,18388.7
9424,17468.6
9425,16512.9
9426,15523.7
9427,14503.2
9428,13453.4
9429,12376.7
9430,11275.3
9431,10151.8
9432,9008.43
9433,7847.84
9434,6672.64
9435,5485.67
9436,4290.17
9437,3090.55
9438,1896.03
9439,758.898
9477,25687.5
9478,25472.3
9479,25203.9
9480,24882.9
9481,24510.1
9482,24086.1
9483,23612.1
9484,23089.1
9485,22518.2
9486,21900.6
9487,21237.8
9488,20531.1
9489,19782.1
9490,18992.4
9491,18163.7
9492,17297.9
9493,16396.7
9494,15462.1
9495,14496.1
9496,13500.8
9497,12478.3
9498,11430.9
9499,10360.8
9500,9270.26
9501,8161.81
9502,7037.92
9503,5901.25
9504,4754.77
9505,3602.2
9506,2449.74
9507,1316.8
9508,448.608
9546,24687.5
9547,24456.8
9548,24175.1
9549,23842.9
9550,23461
9551,23030.2
9552,22551.6
9553,22026.1
9554,21454.9
9555,20839.2
9556,20180.5
9557,19480
9558,18739.4
9559,17960.3
9560,17144.2
9561,16293
9562,15408.6
9563,14492.7
9564,13547.4
9565,12574.7
9566,11576.7
9567,10555.5
9568,9513.46
9569,8452.77
9570,7375.83
9571,6285.15
9572,5183.45
9573,4073.97
9574,2961.29
9575,1855.39
9576,808.82
9614,23971.8
9615,23776.1
9616,23530.7
9617,23236.2
9618,22893.1
9619,22502.4
9620,22064.7
9621,21581.2
9622,21052.9
9623,20480.8
9624,19866.4
9625,19210.8
9626,18515.5
9627,17782.1
9628,17012
9629,16207
9630,15368.8
9631,14499.1
9632,13600
9633,12673.2
9634,11720.8
9635,10744.8
9636,9747.42
9637,8730.79
9638,7697.19
9639,6649.01
9640,5588.81
9641,4519.49
9642,3444.86
9643,2371.49
9644,1320.01
9645,498.505
9683,23151.6
9684,22940.1
9685,22680.6
9686,22373.8
9687,22020.3
9688,21620.9
9689,21176.5
9690,20688.1
9691,20156.6
9692,19583.4
9693,18969.5
9694,18316.4
9695,17625.5
9696,16898.2
9697,16136.2
9698,15341
9699,14514.3
9700,13658
9701,12773.9
9702,11863.9
9703,10929.9
9704,9973.99
9705,8998.27
9706,8004.9
9707,6996.14
9708,5974.42
9709,4942.4
9710,3903.33
9711,2862.06
9712,1829.44
9713,858.637
9752,22383.4
9753,22156.6
9754,21883.4
9755,21564.5
9756,21200.6
9757,20792.5
9758,20341.1
9759,19847.4
9760,19312.4
9761,18737.3
9762,18123.3
9763,17471.9
9764,16784.3
9765,16062
9766,15306.7
9767,14519.9
9768,13703.4
9769,12858.8
9770,11988
9771,11092.9
9772,10175.5
9773,9237.63
9774,8281.51
9775,7309.26
9776,6323.17
9777,5325.74
9778,4319.84
9779,3309.37
9780,2301.3
9781,1317.46
9782,544.02
9820,21883.7
9821,21687.4
9822,21445.6
9823,21159
9824,20828.2
9825,20454
9826,20037.1
9827,19578.4
9828,19079.1
9829,18540
9830,17962.5
9831,17347.8
9832,16697.1
9833,16011.9
9834,15293.7
9835,14543.9
9836,13764.3
9837,12956.5
9838,12122.2
9839,11263.2
9840,10381.4
9841,9478.75
9842,8557.2
9843,7618.84
9844,6665.84
9845,5700.57
9846,4725.66
9847,3744.43
9848,2762.02
9849,1790.26
9850,884.487
9889,21249.3
9890,21037.1
9891,20780.9
9892,20481.3
9893,20138.9
9894,19754.5
9895,19328.9
9896,18863
9897,18357.9
9898,17814.6
9899,17234.3
9900,16618.2
9901,15967.8
9902,15284.3
9903,14569.3
9904,13824.3
9905,13050.9
9906,12250.7
9907,11425.5
9908,10577.1
9909,9707.3
9910,8818.05
9911,7911.33
9912,6989.24
9913,6053.99
9914,5108.05
9915,4154.35
9916,3196.96
9917,2243.51
9918,1317.77
9919,594.923
9958,20662.5
9959,20435.1
9960,20164.8
9961,19852.4
9962,19498.6
9963,19104
9964,18669.6
9965,18196.4
9966,17685.2
9967,17137.3
9968,16553.8
9969,15936
9970,15285.1
9971,14602.7
9972,13890.1
9973,13148.9
9974,12380.7
9975,11587.1
9976,10769.9
9977,9930.9
9978,9071.85
9979,8194.7
9980,7301.45
9981,6394.24
9982,5475.35
9983,4547.45
9984,3613.96
9985,2680.32
9986,1759.44
9987,908.886
10027,20116.6
10028,19874.2
10029,19590.3
10030,19265.4
10031,18900.2
10032,18495.7
10033,18052.6
10034,17571.8
10035,17054.5
10036,16501.7
10037,15914.7
10038,15294.7
10039,14642.9
10040,13961
10041,13250.2
10042,12512.1
10043,11748.3
10044,10960.5
10045,10150.4
10046,9319.71
10047,8470.33
10048,7604.16
10049,6723.24
10050,5829.73
10051,4926.06
10052,4015.19
10053,3101.32
10054,2192.48
10055,1313.59
10056,629.677
10095,19817.3
10096,19601.3
10097,19344.4
10098,19046.9
10099,18709.7
10100,18333.4
10101,17918.8
10102,17466.8
10103,16978.5
10104,16454.8
10105,15896.9
10106,15305.9
10107,14683.2
10108,14030.1
10109,13348
10110,12638.4
10111,11902.7
10112,11142.6
10113,10359.8
10114,9555.87
10115,8732.68
10116,7892.07
10117,7035.98
10118,6166.47
10119,5285.83
10120,4396.73
10121,3502.68
10122,2609.45
10123,1730.86
10124,926.245
10164,19353.6
10165,19122.3
10166,18850.9
10167,18540.1
10168,18190.5
10169,17803
10170,17378.3
10171,16917.3
10172,16421.1
10173,15890.7
10174,15327.3
10175,14732
10176,14106.1
10177,13451.1
10178,12768.3
10179,12059.1
10180,11325.1
10181,10567.9
10182,9789.19
10183,8990.63
10184,8174.02
10185,7341.24
10186,6494.28
10187,5635.29
10188,4766.73
10189,3891.64
10190,3014.55
10191,2144.3
10192,1308.34
10193,671.189
10233,18918.8
10234,18672.3
10235,18386.7
10236,18062.7
10237,17700.9
10238,17302.1
10239,16867.3
10240,16397.2
10241,15893
10242,15355.7
10243,14786.4
10244,14186.5
10245,13557.1
10246,12899.7
10247,12215.6
10248,11506.3
10249,10773.4
10250,10018.5
10251,9243.23
10252,8449.3
10253,7638.54
10254,6812.87
10255,5974.34
10256,5125.25
10257,4268.34
10258,3407.35
10259,2548.63
10260,1707.66
10261,948.493
10301,18732.5
10302,18509.8
10303,18248.3
10304,17948.6
10305,17611.4
10306,17237.4
10307,16827.3
10308,16382.1
10309,15902.8
10310,15390.3
10311,14845.8
10312,14270.4
10313,13665.4
10314,13032
10315,12371.7
10316,11685.8
10317,10975.8
10318,10243.4
10319,9489.98
10320,8717.37
10321,7927.27
10322,7121.52
10323,6302.09
10324,5471.12
10325,4631.09
10326,3785.18
10327,2938.17
10328,2099.72
10329,1299.65
10330,703.299
10370,18364.7
10371,18126.4
10372,17850.1
10373,17536.4
10374,17186.1
10375,16799.9
10376,16378.6
10377,15923.1
10378,15434.3
10379,14913.5
10380,14361.5
10381,13779.7
10382,13169.3
10383,12531.7
10384,11868
10385,11180
10386,10468.9
10387,9736.37
10388,8984.06
10389,8213.64
10390,7426.89
10391,6625.69
10392,5812.08
10393,4988.39
10394,4157.41
10395,3323.06
10396,2492.18
10397,1681.53
10398,958.831
10439,18015.1
10440,17761.3
10441,17470.3
10442,17142.8
10443,16779.4
10444,16380.9
10445,15948.2
10446,15482.2
10447,14983.9
10448,14454.5
10449,13894.9
10450,13306.4
10451,12690.3
10452,12047.9
10453,11380.7
10454,10689.9
10455,9977.28
10456,9244.26
10457,8492.52
10458,7723.78
10459,6939.87
10460,6142.75
10461,5334.58
10462,4517.93
10463,3696.15
10464,2874.45
10465,2063.62
10466,1296.89
10467,743.507
10508,17685.1
10509,17415.8
10510,17110.1
10511,16768.6
10512,16392
10513,15981.1
10514,15536.9
10515,15060.2
10516,14552
10517,14013.6
10518,13446
10519,12850.5
10520,12228.2
10521,11580.7
10522,10909.3
10523,10215.4
10524,9500.54
10525,8766.39
10526,8014.59
10527,7246.9
10528,6465.18
10529,5671.49
10530,4868.18
10531,4058.18
10532,3245.64
10533,2438.02
10534,1653.93
10535,966.707
10576,17622.9
10577,17374.6
10578,17089.9
10579,16769.5
10580,16413.9
10581,16024
10582,15600.7
10583,15144.7
10584,14657.1
10585,14138.9
10586,13591.3
10587,13015.4
10588,12412.4
10589,11783.7
10590,11130.6
10591,10454.6
10592,9757.14
10593,9039.73
10594,8304.02
10595,7551.73
10596,6784.65
10597,6004.75
10598,5214.24
10599,4415.73
10600,3612.75
10601,2810.92
10602,2022.09
10603,1282.82
10604,768.841
10645,17346
10646,17081.8
10647,16781.8
10648,16446.6
10649,16077
10650,15673.8
10651,15237.9
10652,14770.1
10653,14271.4
10654,13743
10655,13186
10656,12601.6
10657,11991
10658,11355.6
10659,10696.7
10660,10015.8
10661,9314.39
10662,8594.06
10663,7856.45
10664,7103.34
10665,6336.58
10666,5558.27
10667,4770.83
10668,3977.3
10669,3182.18
10670,2393.71
10671,1632.66
10672,978.936
10714,17076.5
10715,16796.2
10716,16480.7
10717,16130.7
10718,15746.9
10719,15330.2
10720,14881.4
10721,14401.5
10722,13891.6
10723,13352.7
10724,12786
10725,12192.7
10726,11574.1
10727,10931.6
10728,10266.5
10729,9580.27
10730,8874.54
10731,8150.88
10732,7410.99
10733,6656.69
10734,5889.97
10735,5113.08
10736,4328.77
10737,3540.82
10738,2755.44
10739,1985.99
10740,1273.78
10782,17088.2
10783,16827
10784,16530.5
10785,16199.3
10786,15834.2
10787,15436
10788,15005.5
10789,14543.6
10790,14051.4
10791,13529.8
10792,12980
10793,12403.2
10794,11800.6
10795,11173.5
10796,10523.3
10797,9851.52
10798,9159.53
10799,8448.94
10800,7721.4
10801,6978.67
10802,6222.64
10803,5455.44
10804,4679.56
10805,3898.23
10806,3116.3
10807,2342.9
10808,1601.47
10809,980.716
10851,16865.2
10852,16587.2
10853,16274.4
10854,15927.5
10855,15547.3
10856,15134.5
10857,14690.1
10858,14214.9
10859,13710.1
10860,13176.6
10861,12615.7
10862,12028.6
10863,11416.4
10864,10780.7
10865,10122.6
10866,9443.85
10867,8745.8
10868,8030.12
10869,7298.51
10870,6552.79
10871,5795
10872,5027.45
10873,4253.03
10874,3475.77
10875,2702.5
10876,1948.21
10877,1259.39
10920,16651.4
10921,16356.4
10922,16027.1
10923,15664.2
10924,15268.5
10925,14840.9
10926,14382.1
10927,13893.4
10928,13375.5
10929,12829.8
10930,12257.4
10931,11659.4
10932,11037.3
10933,10392.3
10934,9725.96
10935,9039.71
10936,8335.12
10937,7613.87
10938,6877.73
10939,6128.62
10940,5368.75
10941,4600.72
10942,3828.01
10943,3055.98
10944,2295.02
10945,1572.23
10946,988.209
10989,16454.5
10990,16142.4
10991,15796.3
10992,15417.2
10993,15005.8
10994,14562.9
10995,14089.6
10996,13586.9
10997,13055.8
10998,12497.4
10999,11913.1
11000,11303.9
11001,10671.4
11002,10016.8
11003,9341.71
11004,8647.56
11005,7936.01
11006,7208.76
11007,6467.68
11008,5714.84
11009,4952.64
11010,4184.13
11011,3413.65
11012,2648.76
11013,1906.45
11014,1239.79
11057,16557.5
11058,16262.1
11059,15932.6
11060,15569.6
11061,15174
11062,14746.7
11063,14288.4
11064,13800.3
11065,13283.3
11066,12738.6
11067,12167.3
11068,11570.7
11069,10950.1
11070,10306.9
11071,9642.37
11072,8958.16
11073,8255.8
11074,7536.97
11075,6803.47
11076,6057.26
11077,5300.59
11078,4536.2
11079,3767.77
11080,3001.12
11081,2247.83
11082,1538.58
11083,986.303
11126,16393.8
11127,16080.3
11128,15733.2
11129,15353.1
11130,14940.7
11131,14497.1
11132,14023.2
11133,13519.9
11134,12988.4
11135,12429.7
11136,11845.2
11137,11236
11138,10603.6
11139,9949.25
11140,9274.51
11141,8580.92
11142,7870.1
11143,7143.8
11144,6403.93
11145,5652.62
11146,4892.39
11147,4126.49
11148,3359.71
11149,2600.57
11150,1868.69
11151,1225.71
11195,16234.9
11196,15903.1
11197,15538
11198,15140.3
11199,14710.9
11200,14250.6
11201,13760.5
11202,13241.6
11203,12695.1
11204,12122.1
11205,11523.8
11206,10901.6
11207,10256.8
11208,9590.98
11209,8905.52
11210,8202.06
11211,7482.3
11212,6748.07
11213,6001.41
11214,5244.65
11215,4480.69
11216,3713.52
11217,2949.64
11218,2202.29
11219,1507.27
11220,993.757
11264,16078.4
11265,15727.7
11266,15344
11267,14928.1
11268,14480.9
11269,14003.3
11270,13496.4
11271,12961.3
11272,12399
11273,11810.9
11274,11198.1
11275,10562.1
11276,9904.3
11277,9226.11
11278,8529.12
11279,7814.98
11280,7085.46
11281,6342.48
11282,5588.24
11283,4825.31
11284,4057.09
11285,3288.66
11286,2529.29
11287,1801.03
11288,1175.3
11332,16281.4
11333,15945
11334,15575.2
11335,15172.7
11336,14738.4
11337,14273.2
11338,13778.1
11339,13254.1
11340,12702.5
11341,12124.3
11342,11520.9
11343,10893.5
11344,10243.6
11345,9572.66
11346,8882.15
11347,8173.74
11348,7449.16
11349,6710.29
11350,5959.24
11351,5198.47
11352,4431.09
11353,3661.48
11354,2897.01
11355,2153.08
11356,1472.35
11401,16158.9
11402,15802.6
11403,15413.1
11404,14991.3
11405,14538
11406,14054.2
11407,13541
11408,12999.4
11409,12430.6
11410,11835.9
11411,11216.6
11412,10573.9
11413,9909.46
11414,9224.67
11415,8521.15
11416,7800.61
11417,7064.86
11418,6315.93
11419,5556.14
11420,4788.28
11421,4016.13
11422,3245.56
11423,2487.63
11424,1769.31
11425,1177.49
11470,16052.3
11471,15675.5
11472,15265.8
11473,14824.1
11474,14351.3
11475,13848.3
11476,13316.4
11477,12756.6
11478,12170.1
11479,11558.3
11480,10922.4
11481,10264
11482,9584.4
11483,8885.28
11484,8168.28
11485,7435.18
11486,6687.94
11487,5928.75
11488,5160.22
11489,4385.68
11490,3609.99
11491,2841.53
11492,2098.44
11493,1432.18
11539,15943.6
11540,15545.8
11541,15115.4
11542,14653.2
11543,14160.2
11544,13637.6
11545,13086.3
11546,12507.8
11547,11903
11548,11273.5
11549,10620.7
11550,9945.85
11551,9250.66
11552,8536.74
11553,7805.83
11554,7059.83
11555,6300.85
11556,5531.33
11557,4754.29
11558,3973.91
11559,3196.84
11560,2436.1
11561,1724.33
11562,1166.93
11607,16223.3
11608,15836.8
11609,15417
11610,14964.8
11611,14481.2
11612,13967.1
11613,13423.8
11614,12852.3
11615,12253.9
11616,11629.9
11617,10981.7
11618,10310.7
11619,9618.51
11620,8906.67
11621,8176.92
11622,7431.09
11623,6671.21
11624,5899.58
11625,5118.95
11626,4332.95
11627,3546.98
11628,2770.68
11629,2025.76
11630,1376.01
11676,16162.3
11677,15753.1
11678,15310.8
11679,14836.3
11680,14330.7
11681,13795
11682,13230.3
11683,12638
11684,12019.3
11685,11375.5
11686,10708.1
11687,10018.5
11688,9308.51
11689,8579.64
11690,7833.75
11691,7072.81
11692,6299.01
11693,5514.95
11694,4723.89
11695,3930.41
11696,3142.08
11697,2374.23
11698,1666.69
11745,16087.8
11746,15655.1
11747,15189.5
11748,14691.9
11749,14163.5
11750,13605.3
11751,13018.6
11752,12404.7
11753,11764.8
11754,11100.4
11755,10412.9
11756,9704.08
11757,8975.45
11758,8228.81
11759,7466.09
11760,6689.4
11761,5901.19
11762,5104.43
11763,4303.11
11764,3503.37
11765,2716.57
11766,1969.23
11767,1341.24
11814,16031.9
11815,15574.8
11816,15085
11817,14563.4
11818,14011.3
11819,13429.7
11820,12820
11821,12183.4
11822,11521.5
11823,10835.6
11824,10127.2
11825,9398.19
11826,8650.13
11827,7884.94
11828,7104.69
11829,6311.68
11830,5508.69
11831,4699.24
11832,3888.46
11833,3085.05
11834,2307.37
11835,1605.08
11883,15972.8
11884,15490.6
11885,14975.8
11886,14429.4
11887,13852.8
11888,13247
11889,12613.5
11890,11953.7
11891,11268.9
11892,10560.7
11893,9830.81
11894,9080.88
11895,8312.79
11896,7528.52
11897,6730.32
11898,5920.76
11899,5103.07
11900,4281.63
11901,3463.42
11902,2661.81
11903,1909.27
11904,1306.28
11951,16385.4
11952,15910.3
11953,15401.7
11954,14860.7
11955,14288.4
11956,13686
11957,13054.9
11958,12396.5
11959,11712.1
11960,11003.4
11961,10271.9
11962,9519.3
11963,8747.51
11964,7958.44
11965,7154.26
11966,6337.44
11967,5510.93
11968,4678.64
11969,3846.35
11970,3024.3
11971,2235.01
11972,1542.09
12020,16357.5
12021,15854.6
12022,15318.2
12023,14749.6
12024,14149.9
12025,13520.5
12026,12862.7
12027,12177.9
12028,11467.7
12029,10733.7
12030,9977.5
12031,9201.02
12032,8406.15
12033,7595
12034,6769.93
12035,5933.74
12036,5089.94
12037,4243.5
12038,3402.56
12039,2583.49
12040,1828.13
12089,16344.3
12090,15812.4
12091,15247.1
12092,14649.8
12093,14021.6
12094,13363.9
12095,12678.2
12096,11965.9
12097,11228.7
12098,10468.3
12099,9686.37
12100,8884.92
12101,8065.98
12102,7231.83
12103,6385.12
12104,5529.06
12105,4667.96
12106,3808.46
12107,2962.75
12108,2158.98
12109,1480.43
12158,16317.6
12159,15755.3
12160,15159.8
12161,14532.3
12162,13874.2
12163,13186.9
12164,12471.9
12165,11730.8
12166,10965.4
12167,10177.3
12168,9368.42
12169,8540.88
12170,7696.88
12171,6838.95
12172,5970.08
12173,5094.17
12174,4216.85
12175,3347.72
12176,2507.03
12177,1749.34
12227,16305.1
12228,15710.8
12229,15083.2
12230,14423.9
12231,13734.1
12232,13015.4
12233,12269.5
12234,11497.9
12235,10702.5
12236,9885.06
12237,9047.68
12238,8192.53
12239,7322.03
12240,6439.02
12241,5547.02
12242,4650.88
12243,3758.29
12244,2884.15
12245,2064.81
12296,16285
12297,15656.8
12298,14995.5
12299,14302.5
12300,13579.3
12301,12827.6
12302,12048.9
12303,11245.2
12304,10418.2
12305,9569.92
12306,8702.56
12307,7818.47
12308,6920.38
12309,6011.55
12310,5096.3
12311,4181.1
12312,3277.47
12313,2411.12
12314,1655.92
12364,16904.4
12365,16274.6
12366,15610.4
12367,14913.2
12368,14184.5
12369,13425.9
12370,12639
12371,11825.6
12372,10987.7
12373,10127.1
12374,9246.07
12375,8346.9
12376,7432.21
12377,6505.08
12378,5569.42
12379,4630.78
12380,3698.35
12381,2790.9
12382,1957.54
12433,16932.3
12434,16264.5
12435,15562.1
12436,14826.8
12437,14060.2
12438,13263.9
12439,12439.7
12440,11589.6
12441,10715.3
12442,9819.24
12443,8903.53
12444,7970.79
12445,7023.94
12446,6066.61
12447,5103.68
12448,4142.74
12449,3198.06
12450,2303.63
12502,16968.3
12503,16259.9
12504,15517
12505,14741.3
12506,13934.3
12507,13098
12508,12234.1
12509,11344.7
12510,10431.9
12511,9498.01
12512,8545.46
12513,7577.1
12514,6596.32
12515,5607.46
12516,4616.93
12517,3635.8
12518,2688.2
12519,1842.28
12571,17002.1
12572,16250.6
12573,15464.6
12574,14645.8
12575,13796
12576,12917.1
12577,12011
12578,11080.1
12579,10126.4
12580,9152.42
12581,8161
12582,7155.32
12583,6139.38
12584,5118.74
12585,4102.43
12586,3108.4
12587,2182.84
12640,17030.6
12641,16232.7
12642,15400.3
12643,14535.2
12644,13639.3
12645,12714.6
12646,11763.2
12647,10787.5
12648,9789.92
12649,8773.12
12650,7740.21
12651,6694.94
12652,5642.29
12653,4589.83
12654,3551.51
12655,2560.02
12709,17067.1
12710,16219.1
12711,15336.5
12712,14421.3
12713,13475.5
12714,12501.3
12715,11500.9
12716,10476.8
12717,9431.72
12718,8368.6
12719,7291
12720,6203.4
12721,5112.28
12722,4028.67
12723,2976.24
12724,2022.12
12778,17113
12779,16211
12780,15274.5
12781,14305.4
12782,13306
12783,12278.6
12784,11225.6
12785,10149.7
12786,9053.88
12787,7941.48
12788,6816.72
12789,5685.32
12790,4556.39
12791,3447.83
12792,2405.7
12846,18078.7
12847,17155.1
12848,16194.8
12849,15199.9
12850,14172.5
12851,13115.1
12852,12030.1
12853,10920.2
12854,9788.27
12855,8637.65
12856,7472.27
12857,6297.27
12858,5120.34
12859,3955.38
12860,2834.93
12915,18181.7
12916,17194.7
12917,16170.9
12918,15112.3
12919,14021.5
12920,12900.9
12921,11753.3
12922,10581.5
12923,9388.69
12924,8178.76
12925,6956.36
12926,5728.16
12927,4505.3
12928,3311.52
12929,2215.47
12984,18292.3
12985,17236.1
12986,16142.8
12987,15014.9
12988,13854.8
12989,12665.4
12990,11449.5
12991,10210.4
12992,8951.7
12993,7677.91
12994,6394.97
12995,5112.22
12996,3847.9
12997,2649.51
13053,18404.9
13054,17272.6
13055,16102.9
13056,14898.6
13057,13662.4
13058,12397.3
13059,11106.4
13060,9793.45
13061,8462.62
13062,7119.39
13063,5771.75
13064,4434.08
13065,3140.28
13122,18528.7
13123,17312.4
13124,16058.5
13125,14770
13126,13449.8
13127,12101.2
13128,10727.8
13129,9333.71
13130,7924
13131,6505.7
13132,5090.48
13133,3703.27
13191,18645.2
13192,17335.5
13193,15988.1
13194,14606
13195,13192.5
13196,11751.4
13197,10286.5
13198,8802.79
13199,7306.56
13200,5807.61
13201,4324.98
13202,2909.94
13260,18770.9
13261,17356.7
13262,15904.5
13263,14417.8
13264,12900.1
13265,11355.6
13266,9788.78
13267,8205.65
13268,6614.65
13269,5030.84
13270,3490.53
13329,18898.9
13330,17367.2
13331,15797.3
13332,14192.9
13333,12558.1
13334,10897.6
13335,9216.84
13336,7523.47
13337,5829.84
13338,4162.74
13398,19021.1
13399,17355.9
13400,15652.1
13401,13914.1
13402,12146.3
13403,10354.3
13404,8544.79
13405,6728.34
13406,4925.24
13467,19153.3
13468,17335.3
13469,15478.6
13470,13588
13471,11668.6
13472,9727.03
13473,7772.47
13474,5821.03
13475,3912.97
13536,19264
13537,17269.3
13538,15235.7
13539,13168.6
13540,11074.1
13541,8960.67
13542,6841.48
13543,4745.8
13605,19372.9
13606,17171.6
13607,14931.3
13608,12658.1
13609,10359.9
13610,8048.18
13611,5745.4
13674,19460
13675,17013.6
13676,14527.9
13677,12010.6
13678,9471.94
13679,6929.7
13743,19522.8
13744,16781
13745,13999.9
13746,11189.1
13747,8363.54
13748,5556.45
13812,19550.2
13813,16446
13814,13302.9
13815,10133.8
13816,6963.94
13881,19514
13882,15955.2
13883,12358.6
13884,8744.4
13950,19368.3
13951,15222.2
13952,11041.4
14019,19061.1
14020,14128.5
14433,2.34657e+06
14434,2.34498e+06
14435,2.34173e+06
14436,2.33682e+06
14437,2.33027e+06
14438,2.32208e+06
14439,2.31225e+06
14440,2.3008e+06
14441,2.28775e+06
14442,2.2731e+06
14443,2.25689e+06
14444,2.23912e+06
14445,2.21981e+06
14446,2.199e+06
14447,2.17671e+06
14448,2.15297e+06
14449,2.1278e+06
14450,2.10123e+06
14451,2.0733e+06
14452,2.04405e+06
14453,2.01351e+06
14454,1.98171e+06
14455,1.9487e+06
14456,1.91451e+06
14457,1.87919e+06
14458,1.84279e+06
14459,1.80534e+06
14460,1.7669e+06
14461,1.7275e+06
14462,1.68721e+06
14463,1.64606e+06
14464,1.6041e+06
14465,1.5614e+06
14466,1.51799e+06
14467,1.47394e+06
14468,1.42929e+06
14469,1.3841e+06
14470,1.33842e+06
14471,1.29231e+06
14472,1.24582e+06
14473,1.199e+06
14474,1.15192e+06
14475,1.10462e+06
14476,1.05717e+06
14477,1.00961e+06
14478,962006
14479,914407
14480,866868
14481,819444
14482,772189
14483,725154
14484,678394
14485,631958
14486,585898
14487,540264
14488,495105
14489,450469
14490,406404
14491,362954
14492,320166
14493,278082
14494,236744
14495,196195
14496,156474
14497,117618
14498,79668
14499,42665.2
14502,62512.3
14503,95459.1
14504,127323
14505,158077
14506,187697
14507,216160
14508,243448
14509,269542
14510,294426
14511,318087
14512,340513
14513,361693
14514,381620
14515,400286
14516,417688
14517,433822
14518,448689
14519,462289
14520,474626
14521,485704
14522,495529
14523,504112
14524,511461
14525,517588
14526,522508
14527,526235
14528,528787
14529,530181
14530,530439
14531,529582
14532,527632
14533,524614
14534,520555
14535,515480
14536,509419
14537,502401
14538,494456
14539,485617
14540,475917
14541,465388
14542,454066
14543,441986
14544,429185
14545,415699
14546,401566
14547,386824
14548,371512
14549,355668
14550,339333
14551,322546
14552,305347
14553,287777
14554,269874
14555,251681
14556,233236
14557,214580
14558,195754
14559,176796
14560,157746
14561,138643
14562,119527
14563,100434
14564,81403.8
14565,62473.8
14566,43683
14567,25078.2
14572,64439.8
14573,81350
14574,97868.3
14575,113966
14576,129616
14577,144793
14578,159471
14579,173628
14580,187242
14581,200292
14582,212760
14583,224626
14584,235875
14585,246491
14586,256460
14587,265771
14588,274412
14589,282373
14590,289647
14591,296227
14592,302108
14593,307285
14594,311756
14595,315520
14596,318578
14597,320931
14598,322582
14599,323536
14600,323799
14601,323376
14602,322277
14603,320512
14604,318090
14605,315024
14606,311326
14607,307012
14608,302095
14609,296594
14610,290523
14611,283903
14612,276752
14613,269089
14614,260937
14615,252316
14616,243248
14617,233757
14618,223866
14619,213599
14620,202981
14621,192038
14622,180794
14623,169275
14624,157509
14625,145521
14626,133337
14627,120986
14628,108494
14629,95887.8
14630,83194.8
14631,70442.1
14632,57657.2
14633,44868
14634,32104.4
14635,19404.5
14641,54731.3
14642,66441.9
14643,77914.9
14644,89128
14645,100060
14646,110690
14647,121000
14648,130969
14649,140581
14650,149818
14651,158664
14652,167105
14653,175125
14654,182712
14655,189853
14656,196538
14657,202755
14658,208496
14659,213752
14660,218517
14661,222784
14662,226548
14663,229806
14664,232554
14665,234790
14666,236514
14667,237726
14668,238427
14669,238620
14670,238308
14671,237495
14672,236186
14673,234388
14674,232109
14675,229355
14676,226137
14677,222465
14678,218349
14679,213800
14680,208832
14681,203457
14682,197690
14683,191546
14684,185039
14685,178185
14686,171002
14687,163506
14688,155715
14689,147648
14690,139323
14691,130758
14692,121974
14693,112990
14694,103827
14695,94503.6
14696,85041.6
14697,75461.4
14698,65784
14699,56030.4
14700,46222.3
14701,36381.8
14702,26533.3
14703,16709.5
14711,59656.7
14712,68566.5
14713,77279
14714,85777
14715,94043.7
14716,102063
14717,109820
14718,117300
14719,124489
14720,131372
14721,137939
14722,144176
14723,150074
14724,155620
14725,160806
14726,165623
14727,170063
14728,174119
14729,177784
14730,181053
14731,183922
14732,186386
14733,188442
14734,190089
14735,191325
14736,192150
14737,192565
14738,192570
14739,192168
14740,191362
14741,190156
14742,188554
14743,186562
14744,184186
14745,181432
14746,178310
14747,174826
14748,170991
14749,166814
14750,162306
14751,157477
14752,152340
14753,146906
14754,141189
14755,135202
14756,128959
14757,122474
14758,115763
14759,108839
14760,101719
14761,94419.2
14762,86955
14763,79343.3
14764,71600.7
14765,63744.2
14766,55791.2
14767,47759.2
14768,39666.2
14769,31530.9
14770,23374.3
14771,15225.3
14772,7165.37
14780,56284
14781,63658
14782,70865.2
14783,77891.1
14784,84721.5
14785,91343
14786,97742.5
14787,103907
14788,109826
14789,115487
14790,120879
14791,125992
14792,130817
14793,135344
14794,139567
14795,143476
14796,147065
14797,150328
14798,153259
14799,155854
14800,158108
14801,160019
14802,161583
14803,162799
14804,163666
14805,164182
14806,164350
14807,164168
14808,163641
14809,162769
14810,161556
14811,160006
14812,158123
14813,155913
14814,153383
14815,150537
14816,147384
14817,143931
14818,140187
14819,136161
14820,131861
14821,127300
14822,122486
14823,117431
14824,112147
14825,106645
14826,100938
14827,95039.2
14828,88961
14829,82717.1
14830,76321.3
14831,69787.7
14832,63130.6
14833,56364.7
14834,49504.9
14835,42566.2
14836,35564.5
14837,28516.2
14838,21439.8
14839,14361
14840,7346.04
14849,54762.6
14850,61127.7
14851,67342.5
14852,73394.4
14853,79271
14854,84960.5
14855,90451.5
14856,95733
14857,100795
14858,105626
14859,110219
14860,114563
14861,118651
14862,122474
14863,126026
14864,129299
14865,132289
14866,134989
14867,137395
14868,139502
14869,141307
14870,142808
14871,144001
14872,144886
14873,145462
14874,145727
14875,145684
14876,145332
14877,144673
14878,143710
14879,142446
14880,140884
14881,139029
14882,136884
14883,134456
14884,131751
14885,128774
14886,125534
14887,122037
14888,118292
14889,114308
14890,110093
14891,105657
14892,101010
14893,96162.6
14894,91125.4
14895,85909.6
14896,80526.8
14897,74988.7
14898,69307.6
14899,63495.8
14900,57566.2
14901,51531.7
14902,45405.5
14903,39201.4
14904,32933.2
14905,26615.9
14906,20266.4
14907,13907.6
14908,7594.52
14919,60080.1
14920,65604
14921,70975.3
14922,76183.1
14923,81216.6
14924,86065.7
14925,90720.5
14926,95171.8
14927,99410.6
14928,103428
14929,107217
14930,110770
14931,114080
14932,117140
14933,119944
14934,122488
14935,124766
14936,126774
14937,128510
14938,129968
14939,131149
14940,132048
14941,132666
14942,133001
14943,133054
14944,132825
14945,132315
14946,131526
14947,130460
14948,129120
14949,127509
14950,125632
14951,123493
14952,121097
14953,118450
14954,115558
14955,112427
14956,109065
14957,105479
14958,101678
14959,97669.2
14960,93462.3
14961,89066.4
14962,84491.2
14963,79746.8
14964,74843.6
14965,69792.3
14966,64603.8
14967,59289.6
14968,53861.2
14969,48330.5
14970,42709.6
14971,37010.9
14972,31247.5
14973,25433
14974,19582.8
14975,13718
14976,7884.57
14988,60149.1
14989,65177.1
14990,70057.9
14991,74781.6
14992,79338.4
14993,83718.9
14994,87914.2
14995,91915.7
14996,95715.4
14997,99305.5
14998,102679
14999,105829
15000,108749
15001,111433
15002,113877
15003,116076
15004,118024
15005,119719
15006,121158
15007,122337
15008,123255
15009,123910
15010,124302
15011,124430
15012,124293
15013,123894
15014,123233
15015,122311
15016,121132
15017,119698
15018,118013
15019,116080
15020,113905
15021,111491
15022,108845
15023,105973
15024,102880
15025,99574.1
15026,96062.4
15027,92352.5
15028,88452.6
15029,84371.2
15030,80117.3
15031,75700
15032,71129.1
15033,66414.3
15034,61566
15035,56594.7
15036,51511.1
15037,46326.3
15038,41051.7
15039,35698.8
15040,30279.9
15041,24807.7
15042,19296.8
15043,13766
15044,8254.22
15058,65799.4
15059,70323.2
15060,74692.4
15061,78898.1
15062,82931.4
15063,86784.2
15064,90448.4
15065,93916.4
15066,97181.4
15067,100236
15068,103075
15069,105693
15070,108083
15071,110241
15072,112163
15073,113845
15074,115284
15075,116477
15076,117422
15077,118116
15078,118560
15079,118752
15080,118691
15081,118379
15082,117817
15083,117005
15084,115947
15085,114643
15086,113098
15087,111315
15088,109297
15089,107050
15090,104578
15091,101888
15092,98983.3
15093,95872
15094,92560.7
15095,89056.3
15096,85366.7
15097,81499.6
15098,77463.5
15099,73267.1
15100,68919.5
15101,64429.9
15102,59808.2
15103,55064.2
15104,50208.1
15105,45250.6
15106,40202.3
15107,35074.4
15108,29878.5
15109,24626.8
15110,19332.9
15111,14014.4
15112,8704.35
15113,3567.28
15127,67408.6
15128,71675.7
15129,75788
15130,79736.9
15131,83514.1
15132,87111.8
15133,90522.5
15134,93739
15135,96754.7
15136,99563.4
15137,102159
15138,104537
15139,106691
15140,108618
15141,110314
15142,111774
15143,112997
15144,113979
15145,114720
15146,115216
15147,115468
15148,115475
15149,115237
15150,114755
15151,114030
15152,113064
15153,111858
15154,110416
15155,108740
15156,106835
15157,104704
15158,102352
15159,99784
15160,97005.9
15161,94023.4
15162,90842.9
15163,87471.3
15164,83915.8
15165,80183.9
15166,76283.8
15167,72223.6
15168,68012.1
15169,63658.3
15170,59171.5
15171,54561.2
15172,49837.5
15173,45010.4
15174,40090.4
15175,35088.2
15176,30015.1
15177,24882.9
15178,19704.6
15179,14496.4
15180,9286.6
15181,4189.92
15197,74086
15198,78020.1
15199,81788.2
15200,85382.3
15201,88794.8
15202,92018.6
15203,95046.9
15204,97873.1
15205,100492
15206,102897
15207,105083
15208,107047
15209,108783
15210,110288
15211,111560
15212,112594
15213,113390
15214,113946
15215,114259
15216,114331
15217,114159
15218,113746
15219,113092
15220,112197
15221,111065
15222,109697
15223,108097
15224,106267
15225,104212
15226,101936
15227,99443.6
15228,96740.2
15229,93831.5
15230,90723.7
15231,87423.3
15232,83937.3
15233,80273.1
15234,76438.4
15235,72441.3
15236,68290.3
15237,63994.2
15238,59562.1
15239,55003.4
15240,50327.8
15241,45545.3
15242,40666.2
15243,35701.1
15244,30660.9
15245,25557.2
15246,20402.6
15247,15212.3
15248,10010.5
15249,4878.33
15267,81503.1
15268,85156.1
15269,88629.9
15270,91917
15271,95010.4
15272,97903.5
15273,100590
15274,103064
15275,105321
15276,107355
15277,109163
15278,110739
15279,112082
15280,113187
15281,114053
15282,114677
15283,115058
15284,115196
15285,115089
15286,114738
15287,114143
15288,113306
15289,112228
15290,110911
15291,109359
15292,107573
15293,105559
15294,103319
15295,100859
15296,98184.3
15297,95299.2
15298,92210.4
15299,88924.2
15300,85447.4
15301,81787.3
15302,77951.5
15303,73948.1
15304,69785.4
15305,65472.1
15306,61017.4
15307,56430.6
15308,51721.3
15309,46899.6
15310,41975.8
15311,36960.4
15312,31864.3
15313,26699.2
15314,21477.2
15315,16213
15316,10927.8
15317,5681.02
15336,86461.9
15337,90062.4
15338,93475.2
15339,96692.8
15340,99708.4
15341,102515
15342,105107
15343,107479
15344,109625
15345,111540
15346,113221
15347,114663
15348,115863
15349,116819
15350,117528
15351,117988
15352,118198
15353,118158
15354,117867
15355,117326
15356,116535
15357,115497
15358,114212
15359,112683
15360,110914
15361,108907
15362,106667
15363,104199
15364,101506
15365,98595.3
15366,95472
15367,92142.6
15368,88613.8
15369,84893
15370,80987.8
15371,76906.2
15372,72656.7
15373,68248.1
15374,63689.5
15375,58990.5
15376,54160.8
15377,49210.6
15378,44150.3
15379,38990.8
15380,33743.1
15381,28418.8
15382,23030.4
15383,17591.8
15384,12122
15385,6665.63
15406,96872.3
15407,100286
15408,103492
15409,106483
15410,109253
15411,111795
15412,114104
15413,116175
15414,118002
15415,119582
15416,120911
15417,121985
15418,122803
15419,123361
15420,123658
15421,123693
15422,123466
15423,122976
15424,122225
15425,121213
15426,119942
15427,118415
15428,116634
15429,114602
15430,112324
15431,109803
15432,107045
15433,104055
15434,100839
15435,97402.9
15436,93754.5
15437,89900.6
15438,85849.1
15439,81608.2
15440,77186.5
15441,72593.1
15442,67837.3
15443,62929
15444,57878.2
15445,52695.6
15446,47391.8
15447,41978.1
15448,36465.8
15449,30867.1
15450,25194.5
15451,19461.8
15452,13686.7
15453,7903.05
15454,2369.66
15476,109712
15477,112971
15478,115999
15479,118787
15480,121329
15481,123619
15482,125652
15483,127423
15484,128928
15485,130162
15486,131123
15487,131808
15488,132215
15489,132342
15490,132189
15491,131755
15492,131040
15493,130045
15494,128772
15495,127223
15496,125400
15497,123306
15498,120946
15499,118323
15500,115443
15501,112310
15502,108932
15503,105314
15504,101463
15505,97388
15506,93095.6
15507,88594.9
15508,83894.8
15509,79004.7
15510,73934.6
15511,68694.6
15512,63295.5
15513,57748.3
15514,52064.4
15515,46255.5
15516,40333.9
15517,34312.1
15518,28203.2
15519,22021.4
15520,15783.4
15521,9516.28
15522,3355.01
15546,126236
15547,129377
15548,132252
15549,134856
15550,137181
15551,139222
15552,140974
15553,142433
15554,143593
15555,144452
15556,145007
15557,145257
15558,145198
15559,144832
15560,144156
15561,143173
15562,141882
15563,140286
15564,138387
15565,136189
15566,133693
15567,130906
15568,127832
15569,124477
15570,120846
15571,116946
15572,112785
15573,108370
15574,103711
15575,98815.8
15576,93694.1
15577,88356
15578,82812.1
15579,77073.4
15580,71151.2
15581,65057.6
15582,58804.8
15583,52405.6
15584,45873
15585,39220.8
15586,32462.8
15587,25614.1
15588,18691.4
15589,11717.7
15590,4768.4
15616,148575
15617,151638
15618,154392
15619,156829
15620,158943
15621,160728
15622,162180
15623,163293
15624,164064
15625,164490
15626,164568
15627,164297
15628,163676
15629,162706
15630,161385
15631,159716
15632,157701
15633,155342
15634,152643
15635,149608
15636,146242
15637,142551
15638,138541
15639,134219
15640,129593
15641,124670
15642,119461
15643,113975
15644,108222
15645,102213
15646,95959.9
15647,89474.1
15648,82768.6
15649,75856.4
15650,68751.2
15651,61467.1
15652,54018.7
15653,46421.2
15654,38690
15655,30841.5
15656,22893.3
15657,14866.8
15658,6808.17
15686,180741
15687,183792
15688,186470
15689,188766
15690,190674
15691,192187
15692,193300
15693,194009
15694,194310
15695,194199
15696,193676
15697,192738
15698,191385
15699,189618
15700,187438
15701,184847
15702,181849
15703,178446
15704,174645
15705,170450
15706,165868
15707,160907
15708,155574
15709,149878
15710,143831
15711,137440
15712,130720
15713,123680
15714,116335
15715,108697
15716,100781
15717,92602.5
15718,84176
15719,75517.9
15720,66645.2
15721,57575.1
15722,48325.7
15723,38915.5
15724,29364.3
15725,19693.9
15726,9938.13
15756,231304
15757,234481
15758,237184
15759,239403
15760,241130
15761,242357
15762,243078
15763,243289
15764,242983
15765,242159
15766,240813
15767,238945
15768,236553
15769,233640
15770,230207
15771,226256
15772,221793
15773,216821
15774,211348
15775,205380
15776,198927
15777,191996
15778,184600
15779,176749
15780,168456
15781,159735
15782,150599
15783,141066
15784,131150
15785,120869
15786,110242
15787,99287.3
15788,88025.4
15789,76476.9
15790,64663.4
15791,52607.3
15792,40331.9
15793,27862.3
15794,15228.8
15795,2589.33
15826,322606
15827,326320
15828,329380
15829,331773
15830,333486
15831,334509
15832,334831
15833,334443
15834,333339
15835,331512
15836,328957
15837,325672
15838,321654
15839,316902
15840,311419
15841,305206
15842,298266
15843,290606
15844,282233
15845,273154
15846,263379
15847,252919
15848,241788
15849,229999
15850,217568
15851,204512
15852,190850
15853,176600
15854,161786
15855,146429
15856,130553
15857,114183
15858,97346.6
15859,80071.2
15860,62386
15861,44321.7
15862,25912.2
15863,7218.25
15896,537046
15897,543305
15898,548524
15899,552671
15900,555719
15901,557639
15902,558405
15903,557992
15904,556377
15905,553538
15906,549455
15907,544110
15908,537486
15909,529567
15910,520341
15911,509796
15912,497923
15913,484713
15914,470161
15915,454264
15916,437018
15917,418425
15918,398486
15919,377206
15920,354590
15921,330646
15922,305385
15923,278819
15924,250961
15925,221828
15926,191438
15927,159811
15928,126969
15929,92936.5
15930,57740.1
15931,21413.1
15966,1.63544e+06
15967,1.68198e+06
15968,1.72775e+06
15969,1.77269e+06
15970,1.81675e+06
15971,1.85986e+06
15972,1.90197e+06
15973,1.94302e+06
15974,1.98295e+06
15975,2.0217e+06
15976,2.05922e+06
15977,2.09545e+06
15978,2.13034e+06
15979,2.16381e+06
15980,2.19582e+06
15981,2.22631e+06
15982,2.25519e+06
15983,2.28242e+06
15984,2.30792e+06
15985,2.3316e+06
15986,2.35336e+06
15987,2.37311e+06
15988,2.3907e+06
15989,2.40596e+06
15990,2.41867e+06
15991,2.4285e+06
15992,2.43499e+06
15993,2.43745e+06
15994,2.4347e+06
15995,2.42464e+06
15996,2.40314e+06
15997,2.36053e+06
15998,2.26784e+06
15999,1.98076e+06
